country	age_group	sex	weight (kg)	upper_canines_L	upper_canines_R	lower_canines_L	lower_canines_R	Skull_L	Skull_W	Muzzle_L	Muzzle_girth	neck_girth	chest_girth	abdomen_girth	body_length	tail_length	overall_body_length	total_foreleg_L	SH_ELB_L	ELB_HL_L	total_foreleg_R	SH_ELB_R	ELB_HL_R	total_hindleg_L	HP_KN_L	KN_HL_L	total_hindleg_R	HP_KN_R	KN_HL_R	frontfoot_leng_L	frontfoot_wid_L	frontfoot_leng_R	frontfoot_wid_R	hindfoot_leng_L	hindfoot_wid_L	hindfoot_leng_R	hindfoot_wid_R	testicle_leng_L	testicle_wid_L	testicle_leng_R	testicle_wid_R
Namibia		M	46	2.2	2.2	1.6	1.6	15.6	14.7	7.2	31		73	61	129	72	201	73	32	39	77	42	39	79	36	46	82	35	51	7.9	5.2	8.4	5.4	9	5.5	9	5.6				
Namibia		M	40.5	2.3	2.3	2.1	1.7	15	14.3	6.2	28		68	57	126	77	208	73	41	41	78	40	41	79	35	50	82	37	48	8.1	6.2	8.3	6.2	8.5	8.4	6.3	6.3	31	2	1.9	2
Namibia		M		2.3	2.2	1.6	1.8	16.3	14.7	8.1	28		69	55	130	77	207	77	40	41	78	42	40	79	35	49	80	35	49	7.9	5.5	8	5.5	8.9	5.8	8.8	6.2	2.8	1.9	2.7	2.1
Namibia		M		2.1	2.1	1.4	1.5	16.1	14.3	6.5	28		70	66	121	79	200	73						81						7.5	6.2	7.9	5.8	9	6.3	8.8	6.3	3.5	2.25	3.5	2.15
Namibia		F	40	1.8	1.6	1.7	0.7	15	13.6	6.8	29		68	55	124	74	198	74	40	39	73	38	36	74	35	47	75	33	47	8	5.7	7.9	5.5	8.5	6	8.5	5.9				
Namibia		M	30	2.1	2.1	1.6	1.6	13.1	12.7	6.1	6.2		63	52	109	78	187	69	37	38	69	35	37	72	31	46	76	34	47	7.7	6.3	7.9	6.4	9.2	6.6	8.7	6.4	2.5	1.52	2.4	1.52
Namibia		M	47	1.87	2.26	1.78	1.73	15.36	13.4	5.7	27		62	58.5	119.5	73	192.5	72	37	39				73	34	48				7.35	5.9	7.7	5.69	8.1	6.3	8.1	5.7	2.84	1.58	2.57	1.88
Namibia		F	43	1.4	2.4	1.3	1.5	15.4	14.1	5.3	26		89	60	132	72	204	74	40	40				76	35	46				8.1	5.4	7.5	5.5	9.1	5.8	9.3	5.8				
Namibia		F		1.9	1.8	1.2	1.1	15.7	13.8	5.9	26.5		70	61	123	62	62	73	39.5	37	69	39	38.5	79.5	35	45	79	34.5	45.5	7.5	5.2	7.3	5.4	8.7	5.1	8.2	5				
Namibia		F	29	1.8	1.8	1.4	1.2	13.6	12.5	5.5	25		50.8	50.5	110	70	180	67.5	32	35.7	67.5	34	35.5	75	32	43	73	31.5	44	7.2	5	7.1	5.5	8.65	5.3	8.1	5.2				
Namibia		M	24	1.8		1.4													32	34																					
Namibia		M	35.5																																						
Namibia		M	52																																						
Namibia		M		2.1	2.2	1.7	1.6																																		
Namibia	1	M	13	0.9	1	0.7	0.7	11	10.5	4.9	22		47	37	87	48	135	51	27	28	54	28	29	55	25	33	56	24	35	7	5.6	7.5	5.6	8.7	5.5	8.1	5.5	1.51	0.9	1.45	0.9
Namibia	1	M	14	0.9	0.9	0.6	0.6	11.7	10.4	4	20		47	39	91	56	147	53	28	31	53	28	31	59	26	39	59	26	37	7	5.6	7.3	6	8.2	6.1	8	6.4	1.6	0.8	1.5	0.85
Namibia	1	M	17		1	0.7	0.7	13	11.2	4.6	21.6		48	41	94	56	150	61	29	33	61	32	33	65	25	42	66	27	42	7.1	5.5	7.2	5.5	8.5	5.7	8.5	6	1.55	0.9	1.5	0.9
Namibia	1	F	18	1.1	1.2	1.1	1.1	12	10.8	5.7	22		52	50	90.5	55.5	146	56	27	31	58.5	28	31	62	25	40	64	29	40.5	7.3	5.2	7.1	5	7.9	5.9	8.2	5.7				
Namibia	1	M	12		1		0.7	13.4	10.8	4.5	23		42	41.5	88	52	140				54	28	29				57	24	35	6.8	5.5	7	5.5	7.7	6	7.7	6				
Namibia	1	M	18	0.9	0.95	1.1	0.6	12.5	11.2	5.8	22		54		91	59	150	59	29	33	59.5	28.5	33	64	25.5	41	66	28	39.5	7	5.4	7	5.4	8.4	5.9	8.4	5.9				
Namibia	1	F	12	1	1	0.7	0.7	11	10.3	4.6	20.4		44	39	89	51	140	53	27	28	51.5	26.5	28	57	26	33	57.5	25	34	6.8	4.9	6.9	4.7	7.6	5.2	7.8	5.4				
Namibia	1	F	14	0.9	0.9	0.7	0.7	12	10.4	4	21		49	41	86	59	145	53	27	30	53	28	30	57	24	37	58	26	36	7.1	6.1	6.9	5.6	7.9	5.8	7.7	6.2				
Namibia	1	M	13.6	0.93	0.82	0.79	0.58	11.3	9.1	4.2	22		44	38	87	54	141	53	28	31	55	28	31	61	25	38	61	26	39	6.7	4.5	6.9	4.5	7.6	5	7.5	4.9				
Namibia	1	F	16	1.1	1	1	0.95	12.1	10.6	5.9	22		54		91	56.5	147.5	57.5	29	31	58	29	32	63	27	39	62	26	38	7.1	5.2	6.9	5	7.7	5.6	7.8	5.8				
Namibia	1	M	15		1.3		1	12	12	5	23		47.5	52.5	96	57	143				54	26	30				56.5	41.5	17.5			6.7	4.8			8	4.9				
Namibia	1	M	17	0.9	0.8			12.5	11.2	5.6	20.4		52	41	95.5	60	155.5	58	29	32	61	31	33	64	29	40	61	24	40	6.6	5.7	6.7	5.7	7.9	5.5	7.9	5.7				
Namibia	1	M	10.8	1.06	1	0.77	0.84	11	10	3.9	19		40	33	84	53	137	55	27	29	55	29	31	60	25	38	59	26	36	6.45	4.95	6.65	4.9	7.35	5.26	7.1	5.3				
Namibia	1	F	14.5	0.9	1	0.7	0.7	10.4	10.1	6	23		50.8	44	90	56	146	53	25	32	57	28	30	61	25	38	61	25	39	6.5	5.6	6.6	5.5	7.8	5.7	8	5.7				
Namibia	1	F	15	0.9	0.9	0.6	0.6	12.3	10.5	4.5			47	39	94	57	151	57	27	32	58	29	32	61	24	38	63.5	27	38	6.7	5.5	6.6	5.6	8.1	5.9	7.3	5.6				
Namibia	1	M	13	0.85	0.9	0.4	0.5	12	10.5	4.3	20		44	33	86	53	139	58	30	33	59	31	33	63	27	40	61	25	37	6.5	5	6.5	5	6.8	5.2	7.3	5.2				
Namibia	1	M	18	1	1			11.9	11.5	5.5	24		37.5	51.5	91	56	147	55	28	32	56	27.5	31	62	26	40	62	29	39	6.7	4.9	6.5	5.2	7.9	5.4	8.2	5.4				
Namibia	1	M	17	0.6	1	0.2	0.7	12.2	11	5.3	23							55	30	32	55	30	32	63	28	39	64.5	27	39.5	6.7	4.6	6.5	4.6	7.6	5.5	7.3	5.4				
Namibia	1	M	12	1	1	0.7	0.7	12.8	10.5	4.5	23		43	41.5	89	55	144	53	27	29	53	26.5	27	57	26	34	57	25	33	6.5	4.8	6.4	4.9	7.6	5.4	7.6	5.6				
Namibia	1	F	12	0.8	0.9	0.6	0.7	12.5	10.4	4	21.5		41	36	86	54	140	51.5	26	30	53	27	29	56	23.5	36.5	59	26	37	6.5	4.8	6.4	4.6	7.3	5.2	7.2	5.2				
Namibia	1	M	10.6	0.97	1.05	0.76	0.8	11.8	10.4	3.7			40.5	36	84	74	158	54	28	29	53	27	29.5	58	24	37	58	26	36	6.36	4.59	6.22	4.8	6.6	4.96	6.6	5				
Namibia	1	F	14	0.9	0.8	0.6	0.7	11.2	9.7	3.1	19		45	35	88	49	137	52	26	28	52	26	29	56	22	35	56	24	36	5.9	4.5	6.2	4.8	6.8	5	6.2	5				
Namibia	1	M	13	1.8	1.8	0.6	0.5	10	10.4	4.3	21		46	41	83	50	133	51	27	27	50	25	27	24	23	35	55	21	36	6	4.5	6.1	4.5	7	4.9	7	5	1.4	0.9	1.2	0.9
Namibia	1	F	15	0.9	0.8	0.7	0.7	11.4	9.9		19		46	49	85	52	137	48	25	27	52	28	30	54	22	35	58	24	37	6.4	4.7	6.1	4.8	7.3	5.5	7	5.4				
Namibia	1	M	14	0.9	0.9	0.7	0.7	11.3	10.5	4.6	20		47	40	84	48	132	50	26	29	50	27	28	55	26	34	56	25	37	6.1	5.2	6	5.4	7.2	5.9	7.9	5.9	1.55	0.75	1.6	0.8
Namibia	1	M	13	0.85	0.9		0.6	11.1	10.2	3.2	22		49	38	87	49	136	54	27	32	56	28	30	60	26	36	61	25	38	6.6	4.5	6	4.4	7	5.1	7.2	5.2				
Namibia	1	M	10.3	1	0.93	0.71	0.7	10.7	9.46	4			41	37	84	46	130	54	27	28	51	27	28	57	23	36	56	24	35	5.6	4.9	5.96	4.87	6.8	4.2	6.74	4.9				
Namibia	1	F	13	0.8	0.7	0.5	0.5	11.1	10.2	5.5	22		44	38	85	50	135	49	26	27	51		28	55	24	34	57	23	36	5.7	4.2	5.9	4.3	4.8	4.9	6.8	4.9				
Namibia	1	F	15	0.9	0.8	0.6	0.7	11.8	10	3.3			45	47	87	48	135	50	26	28	52	27	28	54	27	36	57	24	36	5.9	4.5	5.9	4.5	7	4.8	7	4.8				
Namibia	1	M	16	0.85		0.8	0.8	11.6	10.9	4.1	21		48	45	86	48	134	55	28	31	55	28	30	60	24	38	61	27	38	6.3	5.2	5.9	5.1	7.2	5	7	5.2				
Namibia	1	M	8	0.8	0.8	0.6	0.6	10.6	9.3	3.2	17		37	32	73	38	111	41	21	24	42	21	23	46	20	30	44	20	31	5.9	4.8	5.6	4.5	6.1	4.8	6	5				
Namibia	1	F	10.25	0.76	0.77	0.65	0.64	11.2	9.22	3.3			40	35	76	41.5	117.5				46	24	24				49	21	32	5.6	4.16	5.57	4.3	6.7	4.95	6.67	5				
Namibia	1	M	7.5	0.82	0.8	0.6	0.6	9.7	8.9	5.34	18		40.5	34	70	44.5	114	43	21	23	43	22	23	43	18	31	43	19	28	5.5	5	5.3	4.6	6.5	4.9	6.5	4.9	1.6	0.65	1.5	0.6
Namibia	1	F	10					10.9	9.1	4			40	37	76	40	116	48	24	26				51	21	34						4.7	4.3			6	4.5				
Namibia	1	M	8					11.4	9.4	5.2	19			35	80	47	127													5.8	5.6	4.4	4.2	6.7	6.6	4.4	4.4				
Namibia	1	M						10.8	9.4	4.2	22		38	35	77.5	39	116.5	46	24	26				50	21	32				5.2	3.9			6.2	4.4						
Namibia	1	M	10					10.8	9.3	3.4			39		81	28.5	109.5	49	25	27				51	23	32				5.1	4.4			5.3	4.5						
Namibia	1	M	19												91	63	154	55																							
Namibia	1	M	10																																						
Namibia	1	M													70	37.5	107.5																								
Namibia	1	M	10																																						
Namibia	1	M	7.5																																						
Namibia	1	M	13																																						
Namibia	1	M	6.2																																						
Namibia	1	M	5.5																																						
Namibia	1	M	4.2																																						
Namibia	1	M	22	1.4	1.6	1.1	1.1								93	56.5	149.5																								
Namibia	1	F	5.4					10	8.5	3			36	26	72	38	110	41	21	22				44	21	27															
Namibia	1	F	16												92	63	155	55																							
Namibia	1	F	26												90	64	154																								
Namibia	1	F	26												95	66.5	161.5																								
Namibia	1	F													69	34.5	103.5																								
Namibia	1	F													69	33	102																								
Namibia	1	F	7																																						
Namibia	1	F	9.5																																						
Namibia	1	F	4																																						
Namibia	1	F	2.5																																						
Namibia	1	F	4.6																																						
Namibia	1	F	6.4																																						
Namibia	1	F	26	1.5	1.6	0.9	1.1								140	59	199																								
Namibia	1	F	7.1								18		35	31	69	37	106	40	21	23	37	20	22	43	30	15	41	31	15												
Namibia	2	F	27	2	2	1.5	1.5	18.4	12.3	6.5	25		61	56	115	68	183	62	31	39	65	32	38	74	32	47	69	31	44	7.7	5.7	8.7	5.9	8.6	5.9	9	6.1				
Namibia	2	F	28	1.9	1.8	1.4	1.4	15.1	13.2	4.7	20.4		59	56	111	74	185	67	35	38	67	34	37				73	32	46	7.8	6.1	8.3	7.3								
Namibia	2	M	24	0.86	0.75	1.25	1.25	14.4	5.4	12.1	25		54	49	107	66	173	68	33	37	68	34	38	70	31	45	72	30	45	7.5	5.5	8.2	5.6	8.7	6.1	8.8	6.1	2.46	1.32	2.14	1.25
Namibia	2	M	31	2.2	2.2	1.6	1.6	13.5	13.3	6.2	29		65	57	114	72	186				71	38	40				75	31	47	8.1	6.3	8.2	6.4	9.2	6.5	9.3	6.6	2.8	1.9	2.4	2
Namibia	2	F	28	2.2	2.1	1.5	1	14.5	12.9	5.4	27		58	48	120	71	191	73	37	39	75	39	39	76	34	45	76	32	45	8.2	5.2	8.1	5.2	9.2	5.9	8.5	5.6				
Namibia	2	M	31	2.2	2	1.6	1.6	19	14.3	5.8	28			55	121	71	192	70	37	38	70	37	37	78	31	46	74	32	48	8.2	6.5	8	7	9	5.9	8.9	6.2	2.8	2.2	2.9	2.3
Namibia	2	F	32	2.1	2	1.6	1.6	15.5	12.7	6.7	24		63	53	113	77	190	72	37	39	71	36	38	76	30	46	78	34	48	8.3	5.9	8	6	9.1	6.2	9.1	6.5				
Namibia	2	M	27	2	2	1.6	1.6	13.4	13	6.5	28		61	55	115	71	186	69	33	37	66	33	37	73	30	32	72	30	33	7.3	5.3	7.9	5.5	8.3	5.8	8.7	5.7	1.7	1.9	1.2	1.7
Namibia	2	M	37.5	2	2.1	1.6	1.6	23	13.3	6.5	28		72	65	119	76	195				73	39	41				76	36	46	8	6.3	7.9	6.3	8.8	6.5	8.5	6.5	2.8	2.1	2.9	2.1
Namibia	2	M	20	1.9	2	1.5	1.6	14.4	12.7	6.5	27		61	49	107	67	174	64	30	36	66	32.5	36	71.5	31	45	71	29	43	7.5	5.5	7.8	5.4	8.1	5.9	8.2	6.4	1.6	1.4	1.4	1.4
Namibia	2	F	27	2.1	2.1	1.6	1.5	13	11.7	6.6	22		61	56	108	71	179	68	34	37	67	33	36	71	30	41	71	31	41	7.9	5.8	7.8	5.7	9	6.3	8.8	6.4				
Namibia	2	M	23	1.6	1.7	1.3	1.4	14.5	12	6.5	24.5		58	47.8	107.2	72	179.2	68.5	34.5	36	69	35	38	72	30.5	46	72	31	45.5	8.1	5	7.8	5.3	9	5.4	9.1	5.7	1.9	1.3	1.6	1.2
Namibia	2	F	29	2	1.9	1.3	1.5	13.6	12.5	6.7	26		61.5	54.5	106	71	177	70	33	37	66	29	37	73.5	30	46	72.5	30.5	46.5	7.7	5.5	7.8	5.2	8.6	5.7	7.8	5.5				
Namibia	2	M	27.4	2.2	2.1	1.7	1.6	13.8	13	6.6	24		62	46	112	76	188	70	37	40	69	36	37	73	33	44	75	32	43	7.9	6.1	7.8	6.1	8.5	6.4	8.6	6.4	3	2.4		
Namibia	2	F	28	2.1	2.17	1.64	1.61	14.98	12.79	4.7			57	46	116	76	192				72	36	38				76	33	45.5			7.8	5.87			8.4	5.7				
Namibia	2	M	21		0.1	0.8	0.9	30.2	11.6	7.4	24		56	48	105	60	165	56	33	34	61	32	34	64	28	40	64	27	41	7.4	6.1	7.7	6.1	8.5	6.1	8.8	6.4	2.1	0.6	2.3	1.2
Namibia	2	M	28	2.1	2	1.7	1.7	14.3	13.1	6.3	27		61.8	51	113	71	184	66	36	38	68	35	37	72	30	31	71	30	31	7.2	5.8	7.7	5.6	8.4	5.8	8.4	6.1	1.5	1.8	1.5	1.7
Namibia	2	F	31	2.1	1.9	1.4	1.4	14.8	13.2	6.1	24		64	56	112	71	183	69	36	39	71	37	36	74	30	46	73	30	45	8	5.8	7.7	5.9	9	6.4	8.8	6.6				
Namibia	2	F	28	2.1	2.1	1.5	1.5	12.7	13.1	5.1	26		61.5	59	110	82	192	68	36	38	67	35	39	74	33	44	78	32	46	7.5	6.4	7.7	5.7	9.1	5.9	9	6				
Namibia	2	F	23	0.6	0.6	0.6	1	13.1	12	8.6	23		57	53	98	63	161	61	34	34	62	33	34	66	29	42	66	28	40	7.54	6	7.6	6.6	8.3	5.7	8.4	6.1				
Namibia	2	F	23	1.6	1.4	1.6	1.3	12.8	10.8	7.3	23		55	45	100	73	173	61	32	34	62	31	34	68	31	41	67	30	44	7.7	5.4	7.6	5.5	7.8	5.6	7.8	5.9				
Namibia	2	M	17.5	0.9	0.8	1.1	1.1	12.9	11.9	4.2	21		52	48																7.8	6	7.5	6.4								
Namibia	2	F	16	0.8	0.8	0.5	0.5	16	11.4	4	21		50	49	89	56	145	56	29	30	56	29	30	62	47	18	62	48	18	6.8	5.1	7.5	5	8	5.8	8	5.9				
Namibia	2	M	22	0.7	0.6	0.5	0.5	12.6	11.4	4	23		54	47	98	62	160	60	29	32	60	29	31	64	26	40	65	27.5	40.5	7	5.4	7.5	5.5	8.4	5.6	8.1	5.85	1.9	1	1.8	1.15
Namibia	2	F	22	0.8		0.6	0.7	12.8	11.7	5.2	24		54	51	98	60	158	61	31	33	62	32	33	66	27	40	66	28	43	7.1	6.1	7.5	6.1	8.3	6.5	8.7	6.5				
Namibia	2	M	19.5	1.9	1.9	1.7	1.7	11	11.7	5.9	24		54	44	101	67	168	64	31	35	64	31	35	68	29	42	68	30	44	7.6	5.4	7.5	5.3	8.5	6.1	8.6	6	2.1	1.6	2.1	1.4
Namibia	2	M	28	1.4	2.1	1.5	1.3	14.9	12.8	6.2	25		61	50	118	76	194	68	34	39	71	33	38	75	32	45	69	29	46	7.2	6.4	7.5	6.2	8.8	5.9	8.5	6.4	3.1	1.8	2.5	1.8
Namibia	2	M		0.9	0.95	0.8	0.7	11.7	11.9	5	22		52.5	45	102	60	162	62	30	34	63.5	29	35.5	67	27	42	69	28.5	44	7.7	5.4	7.5	5.6	8.4	5.8	8.5	5.4				
Namibia	2	F	20	1.9	2	1.5	1.4	13.5	12.2	4.2	22		52	48.5	102	66	168	62	30.5	34.5	61	30.5	35	69	30	40	69	31	41	6.8	5	7.5	5.4	6.8	4.9	7.8	5.4				
Namibia	2	M	26		1.5		1.5	15		6			61	47.5	107	70	177				67	34	34				70	30	34			7.5	6			9	5.5		1.9		1.2
Namibia	2	M	21	0.8	0.2	0.8	0.9	12.8	13.4	7.1	24		58	48	98	69	167	64	32	34	63	32	36	68	29	43	71	29	43	7.2	5.9	7.5	5.5	8.8	6.1	8.6	5.9	2.7	1.6	2.2	1.8
Namibia	2	F	22	1.7	1.6	1.2	1.2	13.4	12	5.9	22		56	44	53	71	124	66.5	33	36	67	33	35	70	29.5	44	73	30	46	7.6	4.9	7.5	5.1	8.6	5.4	8.9	5.6				
Namibia	2	F	27	1.9	1.9	1.4	1.4	14.2	12.5	5.9	23		55	48	114	71	185	71	36	39	71	37	36	76	33	47	75	32	47	7.5	5.3	7.5	5.3	8.3	5.5	8.3	5.5				
Namibia	2	F	21	1.9	1.9	1.4	1.4	13.4	12.3	5.6	25		52	47	101	64	165	62	30	34				67	28	41				6.9	5.1	7.4	5.1	8.1	5.2	8.3	5.2				
Namibia	2	M	24	1.35	1.3	1.26	1.3	10.7	10.9	6.7	24		58	50	103	70	173	63	32	36	62	34	35	70	31	44	68	31	43	7.7	5.6	7.4	5.5	8.9	5.7	8.7	5.8				
Namibia	2	M	20	1.1	1	1	1	13	11.6	6.2	26		49	48	101	57	158	63	31	35	64	31	35	71	29	45	71	30	44	7.6	5.4	7.4	5.5	8.7	6.2	8.8	6.1	0.7	0.75	1.8	1.35
Namibia	2	M	28	2	2	1.6	1.6	14.1	12.6	6.1	25		63	52	109	71	180	68	34	38	68	34	36	72	30	32	73	30	32	7.7	5.5	7.4	5.7	8.6	6.1	8.2	6.2	1.7	1.6	1.6	0.4
Namibia	2	M	19.2	1	0.9	0.4	0.7	12.8	11.6	5.6	26		51	42	94	59	153				61	31	33				64	28	41	7.1	5.2	7.3	5.5	8.1	6.1	8.3	6.4				
Namibia	2	M	25	2	1.2	1.5	1.4	12.7	12.3	6.8	23		59	54	112	74	186	69.5	33.5	36	69	39	36	74	29	43	65	26	39	7.6	5.6	7.3	5.9	8.8	6.2	8.2	5.6	1.7	15	1.7	1.6
Namibia	2	F	19	1.1	1.2	1.1	1.1	13.5	10	4.2	23		49	42	98	60	158	60	30	34	58.5	29	35	65	27	44	66	27.5	42	6.8	5.6	7.3	5.5	8.1	5.6	8.2	5.6				
Namibia	2	F	20	1.3	1.2	1.1	1.1	11.9	11.1		22		57	37.5	101	64.5	166	61.5	31.5	31	61.5	31	33	67.5	29.5	41	66.5	28	41.5	7	5.4	7.3	5.1	7.9	5.8	7.8	5.7				
Namibia	2	F	21	1.9	1.9	1.5	1.5	13.4	12	6.4	23		54	45.5	102	63	165	63	31	34	63	32	33.5	69	29	43	67	29	42	7.3	5.5	7.3	5.4	8.3	5.4	8.3	5.7				
Namibia	2	F	18	1	0.6	1	0.6	12.1	10.9	4.7	21		50	50	99	59	158	60	32	34	60	30	33	65	26	43	68	30	43	7.2	5.8	7.3	6	7.9	6.2	7.7	6.1				
Namibia	2	M	18	0.65		0.6		12.3	11	4.7	23.5		55.5	43.5	93	52.5	145.5	64.5	32	35.5	62.5	31.5	34	67			69			7.6	6.2	7.3	5.7	8.1	5.6	8.7	6.2	1.1	1.3	1	1
Namibia	2	F	25.6	2	2	1.9	1.4	13.1	11.9	6.1	22		62	46	102	71	173	68	35	34	67	34	35	75	34	43	72	31	44	7.5	5.6	7.3	5.5	8.2	6	8.2	6.1				
Namibia	2	F	30	1.8	1.9	1.4	1.4	14.7	12.5	5.6	25		55	50	107	73	180	62	29	36.5	62	25	36	75	30	48	75	32	46	7.2	5.3	7.3	5.2	8	6	8.1	5.8				
Namibia	2	F	33.5	1.9	1.8	1.5	1.5	14.2	13.2	7	26		65	54	112	76	188	71	37	39	71	37	37	76	33	45	77	33	47	7.5	5.2	7.3	5.2	9	5.5	9.2	5.7				
Namibia	2	M	26	1.9	1.9	1.5	1.5			7.5			59	44.5	110	76	186				69	34	39				75					7.25	6			9	6				
Namibia	2	F	20	1	0.8	1.2	1.3	11.3	12.1	7.8	22		54	48	101	62	163	59	33	34	57	32	34	63	27	40	63	29	41	8.2	6.1	7.2	5.4	8.5	5.9	8.9	6.1				
Namibia	2	M	22	1.7	1.7	1.4	1.3	11.2	10.8	5.2	23		54	53	95	62	157	59	29	32	56	26	34	65	29	42	66	29	42	7.3	6	7.2	5.9	8.1	6	8.1	6.3	2.1	2	2.2	1.9
Namibia	2	F							11.5	4.1	20.5		49	42	97.5	57	154.5	61	28	35	59	28	34.5	66	25	44	67	27	42.5	7.2	5.5	7.2	5.6	8.1	5.5	7.8	5.2				
Namibia	2	F	17.9	1	1.1	0.8		13	11	5.8	24		52	41	97	60	157				59	31	32				67	28	41	7.1	5	7.2	5.2	8	5.8	8	5.8				
Namibia	2	F	23	0.6	0.7	1.1	1.2	13.2	12.4	4	25		59	64	103	63	166	64	31	36	64	33	35	70	29	43	68	27	43	7.4	6.1	7.2	5.9	8.9	6.5	8.5	6.2				
Namibia	2	F	24	1.6	1.6	1.5	1.4	12.7	12	5.2	25		55	53.5	101	63	164	63	31	34	62	32	34.5	71	29	42	68.5	28.5	43	7.5	5.8	7.2	5.8	8.1	5.7	7.5	5.8				
Namibia	2	M	27	1.9	1.7	1.5	1.5	14	12.5	5	23		50	49	108	69	177	68	34	37	69	33	36	72	30	44	72	30	44	7.2	5.2	7.2	5.3	7.7	5.4	7.8	5.4	1.2	1.5	1.2	1.5
Namibia	2	M	23	1.4	1.4	1.2	1.1	12.5	12.3	7.15	23		52	45	108	44	152				62	30	35				72	33	44	7.2	5.4	7.2	5.4	7.9	5.7	8.2	5.5	2	1.3	1.8	0.8
Namibia	2	F	21	0.8	0.8	1.1	1.1	13.6	11.7	5	27		52	45	104	61	165	66	34	36	67	34	37	71	29	45	73	31	37	7.4	5	7.2	5	8.1	6	8.1	6				
Namibia	2	M	31	2.1	2.1	1.65	1.6	15.5	12.5	5.6	23		60	48	120	76	196	72	38	39	74	38.5	38.5	75	31	48	79	34	47	8	5.6	7.2	5.6	8.4	6.2	8.1	6	2.1	1.7	2.1	1.8
Namibia	2	F	17	1		0.7	0.5	13.2	11.2	5	21		53	47	93	61	154	58	30	32	59	30	31	60	28	38	61	30	38	6.9	6.5	7.1		8.6	6.7	8.8	6.9				
Namibia	2	F	20	0.35	0.35	0.7	0.7	12.1	10.8	5.3	24		50	46	91	59	150	58	29	31.5	58	28	31.5	64.5	29	40.5	63.5	27	40.5	7	5	7.1	5	7.8	5.4	7.7	5.5				
Namibia	2	F	19	0.7	0.7	0.5	0.4	12.2	11	5.4	22		50	45	90	58	148	59	27	32	54	28	31.5	63.5	27	42	64	26	41	6.8	5.2	7.1	5.2	7.8	5.4	8	5.1				
Namibia	2	M	19	1.13	1.14	1.13	1.23	12.3	10.9	4.5			50	43	103	63	168				64	30	35				65	27	42	6.9	5.1	7.1	5.2	8.3	5.7	7.9	5.7				
Namibia	2	M	19					13	11.5	5.6	24		54	48	95	58	153	60	28.5	31.5	60.5	29	32.5	64	27	41	66	27	42	7	5.1	7.1	5.2	7.9	5.3	7.9	5.4	2	1.2	2	1.1
Namibia	2	F	24.5			0.4	0.4	12.4	11	3.7	23.5		53	43	100	57	157	59	29	34	58	29	34.5	67	29.5	42	66	28	42	7.1	5.7	7.1	4.8	8	5.2	8	5.5				
Namibia	2	M	24.1	2.1	2	1.7	1.6	15.1	12.6	5.1	25		56	52	106	67	173										67	30	42	7.4	5	7.1	4.7	8.5	5.6	8.7	5.6				
Namibia	2	F	21	1.8	1.9	1.5	1.4	12.6	11.4	6.1	24		50	46	103	64	167	63	32	35	63	31	36	33	29	42	68	28	44	7.3	5.3	7.1	5.6	7.7	5.7	7.7	5.6				
Namibia	2	F	23	1.6	1.8	1.3	1.35	13.35	11.7	7.3	24		51	44	110	66	176	67	34	37				74	31	46				7.2	5.4	7	5.4	8.6	5.7	8.3	5.4				
Namibia	2	F	14		1		0.6	13.5	13	4.5	19		48	38	88.5	51	139	53	27	29	54	26	28	59	24	38	59	24	38	7	5	7	5	8	5.5	7.7	5.3				
Namibia	2	M	24			0.2	0.2	11.4	10.9	5.9	22		51	48	92	59	151	59.5	28.5	31	59	28	31	65	28	40	64	27	40	6.3	4.9	7	5.3	8	5.4	7.9	5.5	1.8	0.8	1.7	0.8
Namibia	2	F	18	0.5	0.7	0.7	1	13	11.2	4	22		50	44	93	54	147	64	32.5	34	61	30	32	69	28	43	66	25	41	6.7	5.3	7	5.3	7.8	5.2	8.2	5.7				
Namibia	2	M	20		0.8	0.8	0.5	12.9	11.6	4.9	23.5		54	45	99	60.5	159.5	64	33	34	65	34	34	67			67			7.1	5.6	7	5.7	8.2	5.5	8.2	5.9	1.2	1.3	1.3	1.2
Namibia	2	F	18.3	0.4	0.9	0.7	0.6	12.5	11.1	5.9	25		52	43	96	61	157				62	30	33				67	28	42	6.9	5	7	4.9	8.2	5.9	8.1	5.8				
Namibia	2	M	21					13.2	11.4	4.7	29		53	47	106.5	66	172.5	64	32	35	62	30	36	69	27	44	69	30	43	7.1	5.7	7	5.3	8.2	5.6	7.7	5.6	2.23	1.49	2.3	1.22
Namibia	2	F	23	2	2.1	1.5	1.5	14.3	12	5.3	22		55	45.5	113	69	179	68.5	36	35.5	66	34.5	37	71.5	30	43	69	31	45	7.2	5.5	7	5.3	8.3	5.8	8	6				
Namibia	2	F	20	1.9	1.8	1.5	1.5	13	11.6	6.8	23		56	45	100	67	167	64	31.5	34	63	31.5	34	68	30	43	69	28	43	6.9	5.1	7	5	5.6	5.9	7	5				
Namibia	2	F	25		1.8	1.3	1.3	13.3	12.5	5.5	23		56	51.5	117	68	185	70	37	37	68	35	37	74	31	46	74	31	45	7	5.6	7	5.3	8.5	5.6	8.2	5.5				
Namibia	2	F	18	0.3	0.15	0.6	0.6	11.3	10.1	5.9	21		48	41.5	91	58	149	56.5	26	30	57	29	31	63.5	27	38.5	62	27	39	6.7	4.7	6.9	4.9	7.8	5	7.6	5.4				
Namibia	2	F	19	0.8	0.9	0.7	0.6	12.1	10.2	7.4	22		51	48	98	61	159	60	32	33	55	29	31	65	28	41	63	26	40	6.9	5.6	6.9	5.2	7.9	5.8	7.8	5.5				
Namibia	2	M	20	0.7	0.7	0.4	0.4	12.3	11.5	5.3	22		50.5	46	90	59	149	58.5	29.5	33	58	29.5	31	64	27.5	41	64	27.5	41	6.5	5.5	6.9	5.5	8	5.4	8	5.6	1.8	0.9	1.8	0.9
Namibia	2	F	17	1.7	1.7	1.2	1.3	12.5	11.3	5.7	21		48	41	101	62	163	63	31	35	64	32	33	68	29	43	65	27	43	6.7	4.4	6.9	4.5	7.6	5.3	7.7	5.4				
Namibia	2	F	19	0.6	0.6	0.9	0.9	13.6	11.8	4.4	22		54.5	45	100.5	59	159.5	62	32	34	62	29.5	37	64	27.5	41.5	66	27.5	44.5	6.8	5.9	6.9	6	7.9	5.9	7.9	6				
Namibia	2	M	20	1.7	1.8	1.4	1.4	13.1	11.3	4.6	22		51	47	98	57	155	61	31	33	62	31	33	66	29	28	67	29	28	6.6	5	6.9	4.5	7.4	5.2	7.4	5.1	1.3	1.5	1.1	1.2
Namibia	2	M	19	1.9		0.8	0.9	12.25	11.2	5.4	24		54.5	47	99	59.5	158.5	62.5	30	33	61	31.5	32	67			69			7.3	5.9	6.9	5.6	8.35	5.9	8.4	5.9	1.3	1.5	1.2	1.5
Namibia	2	M	13.5	0.7	0.7	3	4	10.5	9.5	3.5	21		43	43	85	49	134	56	31	30.5	56	26.5	31	62	27	38	60	25	36	6.3	4.5	6.8	4.3	6.9	4.9	6.9	4.6	1.7	1.1	1.5	0.8
Namibia	2	M	14					12.8	9.8	3.8			50	41	92	56	148	56	28	32	55	28	32	61.5	24	26.5	61	24	26	6.5	5.2	6.8	5.1	7.8	5.5	7.5	5.3				
Namibia	2	F	17	1.6	1.6	1.8	1.8	11.8	10.8	5.7	23		49	40	101	58	159	59	31	32	60	29	33	34	28	39	63	29	39	6.8	4.3	6.8	4.4	7.2	5.1	7.2	5				
Namibia	2	F	20	1.44	1.1	1.46	1.19	13	11	5.2			53	43	102	66	168				62	32	34				67	28	42	7	5.5	6.8	5.4	8	5.6	7.8	5.7				
Namibia	2	M	34	2	2	1.6	1.6	14.2	13.2	6.1	26		62	57	118	72.5	190.5	66	33	37	69	34	38	73	36	45	70.5	32	43	7.7	5.3	6.8	5.6	8.2	5.7	7.9	5.9	1.8	1.9	1.6	1.6
Namibia	2	M	20	1.6	1.7	0.91	1	11	10.7	6.3	21		50	46	94	56	150	62	34	31	57	30	32	62	28	37	65	27	39	6.1	4.8	6.7	4.2	7.3	5.4	7.3	5.2	2	1.5	2.2	1.4
Namibia	2	F	16					12.9	12.15	4.4			45	36	89	58	147	60	29	34	60	30	32	65	26	40	65	27	37	6.7	4.9	6.7	4.88	7.4	5	7.4	5.4				
Namibia	2	F	16.5	1.5	1.2	1.2	1.2	16	10.9	5	24		51	43.5	97	59	156	58	33	31	59	29	32	64	25	41	66	24	42	6.6	5.5	6.7	5.6	7.2	6.1	7.3	6.1				
Namibia	2	F	17	1.9	2	1.4	1.4	10.8	10.8	7.9	22		51	46	96	60	146	51	27	30	54	28	28	61	24	38	64	27	38	6.6	5.2	6.6	4.9	7	5.4	7.3	5.5				
Namibia	2	M	20	2.1	2.1	1.6	1.6	13	12.1	4.4	22.5		55	48.5	105	62	167	59	28.5	34.5	60.5	29.5	34.5	65	27.5	42.5	65	26.5	40.5	6.3	5	6.6	4.6	7.6	5.3	7.6	5	1.5	2	1.4	1.9
Namibia	2	F	14	0.6	0.6	0.6	0.8	12.7	10.9	3.8	20.5		51	38	85	53.5	138.5	57.5	27	30	59	28	32	64	25.5	39	65	25	41	6.3	4.7	6.6	5	7	4.9	7.5	5.1				
Namibia	2	M	17.5	0.6	0.6	0.3	0.3	13.2	11.3	4.4	24		53	42	92	52.5	144.5	62	31	33	61	29	33	67	27	42	67	29	42	6.4	5.4	6.6	5.4	8	5.5	8	5.5	2.2	1.3	1.6	1.3
Namibia	2	M	14	0.4	0.4	0.3	0.3	12.8	10.6	4	21		46	39	88	49.5	137.5	55	27	30	54	26.5	30	62	25	39	61	25	39	6.9	4.8	6.5	5	7.3	5	7.4	5	1.7	1	1.7	1.1
Namibia	2	M	20	1.5	1.7	1.2	1.2	12.5	11.1	5.5	23		52	45	96	63	159	59	28	33	60	27	33	63	28	40	66	27	41	6.6	4.6	6.5	4.6	7.2	5	7.8	4.9	2.5	1.6	1.9	1.4
Namibia	2	F	21	1.8	1.9	1.4	1.4	13	11.6	5.2	24		52		97	61	158	58	29	32	58	30	31	63	30	36	67	29	41	6.8	5.1	6.5	5.2	7.9	5.2	7.7	3.6				
Namibia	2	F	19	0.6	0.6	0.8	0.6	15.2	11	4.3	23.5		57	42	95	64	159	60	28	34	63	30	35	69.5	28.5	42.5	69	30	44	6.7	5.1	6.5	5.1	7.6	5	7.1	5				
Namibia	2	M	32	2	2	1.6	1.6	14.2	12.8	6.2	26.5		60	57	117	72	189	67	30.5	37	66	31.5	37	74	33	45	75	24	46	6.8	5.2	6.5	5.5	7.8	5.7	7.2	5.5	1.6	2	1.5	1.8
Namibia	2	M	13	0.9	0.9	0.7	0.5	11.7	10.4	3.6	22		45		89	55	144				53	26	27				58	23	38			6.4	4.9			6.9	5	1.1	1.2	1.1	1.4
Namibia	2	M	20	1.9	1.9	1.6	1.5	13.5	11.6	5.5	25		54	47	104	62	166	63	33	36	62	32	34	69	29	30	70	30	28.5	6.6	4.9	6.3	4.7	8.1	5.4	7.6	5.8	1.3	1.8	0.9	1.3
Namibia	2	F	22.5	1.71	1.64	1.18	1.3	12.5	11	5.65	5.45		50.5	46.5	101.5	65	166.5	63.5	30	34.5	62	30.5	35.5	69.5	29.5	42.5	71	29.5	45	6.7	4.6	6.24	4.7	7.12	4.88	7.54	4.89				
Namibia	2	F	16	1.55	1.55	1.1	1	10.8	10.6	5	21		49	49	90	57	147	58.5	28	30	57			64	27	40				6.2	4.5	6.1	4.8	7	4.75	6.7	4.9				
Namibia	2	M	13.5	0.5	0.5	0.3	0.3	11.3	10.4	3.4	21		45.5	37	81	50	134	54	26	31	55	26	30.5	61	26	39	60	24	39	6.2	4.6	6.1	4.5	6.6	4.9	7	4.4	1	1.1	0.9	1.2
Namibia	2	F	14					12.6	11	4.2	20		45	36	93	56	149	53	28	30				60	27	37				6.2	5	6	5	6.7	5.7	7.2	5.6				
Namibia	2	F	17	1.4	1.8	1.4	1.3	11.6	10.3	4.9	21		49	46	95.5	57	150	53	29	31	55	27.5	31	59	27	39	57	26	40	6.4	4.7	6	4.9	7.6	5.1	7.4	4.9				
Namibia	2	M	12.5	0.6	0.6	0.4	0.15	10.8	9.5	3.5	20.5		42	42	84	44	128	52			52	26	29				57.5	25.5	36	6	4.2	5.9	4.3	6.7	4.7	6.7	4.7	1.3	0.65	1.25	0.4
Namibia	2	F	17	1.5	1.85	1.2	1.3	15	10.9	5	22.5		51.5	40	92	56	148	59	29	33	60	33	31	64	25	41.5	62	32	35.5	5.9	5.3	5.9	4.7	7.2	5.4	7.9	5.6				
Namibia	2	M	16	0.2	0.85	0.7	0.8	15	10.9	5	21.5		50.5	43	40	56.5	146.5	62	30.5	32.5	60	32.5	31.5	65	26	40	65	29	41	6.2	5.4	5.9	5.5	7.6	5.8	7.85	5.7	2.16	1.1	2	1
Namibia	2	F	12.5	0.7	0.7	0.4	0.4	10.8	9.7	3.7	20		40	41	82	47.5	129.5	52	25	29	51	25.5	29.5	57	24	35	57	24.5	36.5	5.7	4.4	5.8	4.2	7.7	4.5	6.9	4.6				
Namibia	2	F	16	1.4	1.8	1.1	1.1	12.4	10.8	5.4	22		51	42	98	60	158	60	29	33	59.5	29.5	33	62	26.5	38.5	63	29	40	7	4.8	5.8	4.6	8.1	5	8.2	4.9				
Namibia	2	F	13	0.7	0.7	0.4	0.4	10.4	9.7	4.2	20		42	42	87.5	44.5	132	51	25	27	52	25	29	57.5	25.5	35	58	26	36	5.6	4	5.7	4.2	6.5	4.5	6.7	4.5				
Namibia	2	F	20					11.66	10.48	4.42			57	47	84.5	63	147.5	54	24	30	53.5	22	31.5	67	28	39	66	28	38	3.13	3.36	3.15	3.4	3.74	3.47	3.75	3.34				
Namibia	2	M	32	2.2		1.6		14.2	13	5.5	26		61	60	112	73	185	71	37	40				75	33	46				7.3	5.4			8.7	6.3			1.8	1.8	1.9	2.1
Namibia	2	M		2	2	1.6	1.5	14.6	12.8	7.1	26		59	48	114	70	184	70	45	37				72	32	45															
Namibia	2	M		2	2	1.6	1.6	14.4	12.2	6.8	27		59	51	107	70	177				70	36	37																		
Namibia	2	M	25	2.2	2.1	1.4	1.5	14	11.9	4.5	23		54	54	106	64	170	62	31	36				70	30	43				7.3	5.1			7.7	5.5						
Namibia	2	M	22	1.5	1.3	1.25	1.35	12.8	11.6	7.1	23		55	49	102	69	171	64																							
Namibia	2	M	19	1.9	1.8	1.6	1.6	9	1	4.6	22		52	46	95	60	155	56	29	32				64	27	39				6.3	4.7			7.7	5.1			1.9	1.35	1.9	1.3
Namibia	2	M	18.7																																						
Namibia	2	M	17																																						
Namibia	2	M	19.1																																						
Namibia	2	M	23.5																																						
Namibia	2	M	18.1		0.9		0.7																																		
Namibia	2	M	29	1.2	1.2	1.4	1.3																																		
Namibia	2	F	25	1.8	1.8	1.4	1.4	13.7	12.4	6.5	24		55	50	101	67	168	61	31	35				66	29	41				7.2	5.2			7.8	5.5	7.9	5.6				
Namibia	2	F	18.5	1.5	1.6	1.3	1.4	12	11.4	4.6	24.5		54	45	95	58	153	108						66						6.5	4.7			7.8	4.9						
Namibia	2	F	17	0.8	0.8		0.5	10.8	10.4	6.1	21.5		52	54	90	55	145	56	29	30	56	28	32	62	27	38	64	28	39					8	5.4	8.2	5.6				
Namibia	2	F	18	0.6	0.65	0.35	0.5	12.25	11.3	5.3	22.5		52	39.5	95	58	153	59	27	31		30		65	27.5	41	64.5	28	41	7	4.9			8	5	8.2	5.25				
Namibia	3	M	33	2.1	2.15	1.4	1.7	18	10.7	5	26		62.5	63	120	74	194	73	36	43	65	37	35	73	31.5	46	73	31	45	11.2	5.4	11.4	5.1	8.1	5.6	8.1	6	1.6	1.8	1.8	1.9
Namibia	3	M	33	2.25	2.13	1.66	1.77	14.69	13.48	5.1			62	51	118	79	197	75	37	42	74	37	40	81	35	50	78	34	50	8.14	5.9	8.5	5.74	9.46	6.38	8.94	6.36	2.65	1.7	2.92	1.41
Namibia	3	M	36	2	2	1.5	1.5	12.8	12.5	9.4	27		66	51	128	88	216	74	34.5	41.8	78	40	39	79.2	34	49.5	83.5	35.5	52.5	8.4	5.8	8.5	6	8.9	6.8	9	6.7	2	1.8	2.1	1.9
Namibia	3	M	39	2.34	2.36	1.82	1.85	14.8	13.3	6.1			69.5	59.5	127	79	206		35.5	40.5					35.5	48.5		33	49.5	8.27	6.22	8.44	6.37	9.28	6.45	9.38	5.99	2.8	1.7	3.1	1.64
Namibia	3	M	40	2.24	2.25	1.63	1.73	15.6	13	7.5	30		67.5	57.3	125	84	209	73.5	37	41	76.8	39.2	42	75	43	48	75.3	31.9	45	7.97	6.13	8.32	6.1	9.33	6.21	9.5	6.29	2.85	2.12	2.74	2.02
Namibia	3	M	39	2.2	2.1	1.6	1.6	15.1	14.1	6.5	27.5		67	56	117	74	191	73	37	37	73	38	38	76.5	33	32	77.5	34	32	7.9	5.7	8.3	5.5	8.9	5.7	8.7	6.1	2.1	2.4	2.1	2.6
Namibia	3	M	32	2.2	2.1	1.7	1.7	14.3	13.4	6.4	27		62	59	118	75	193	67	37	37	68	38	37	71	29	44	70	32	46	8.2	6	8.2	6	9	6.4	8.6	6.5	3.1	2.3	3	2.2
Namibia	3	M	51	2.3	2.3	1.7	1.3	15.5	15.3	7.6	30		76	61	126	79	205	78	40	40	79	32	41	81	42	30	84	44	27	7.7	5.8	8.2	7.7	8.3	6.5	8.5	6.5	2.2	2.35	2.2	2.3
Namibia	3	M	27	2.1	2	1.5	1.6	13.7	12	6.3	25		59	48	115	73	188	72	34	40	70	34	38	75	33	47	75	31	48	7.7	5.6	8.1	5.5	9	5.7	9.1	5.7	2	1.15	2.08	1.35
Namibia	3	M	32	2.2	2.28	1.55	1.54	16	13	5.8	25		61	57	119	81	200	73	35	42	75	36	40.5	78.5	31	49	80	33	50	8.5	6.3	8.1	5.5	9.42	6.2	9.46	6.38	1.88	2.94	3.42	2
Namibia	3	M	29	2	2.2	1.7	1.6	13.3	12.9	5.9	26		65	51	116	71	187	69	35	37	70	36	38	78	30	46	76	30	49	7.9	6.3	8	6.4	9.2	6.5	8.2	6.4			2.2	1.38
Namibia	3	M	29	2	2.2	1.7	1.6	13.3	12.9	5.9	26		65	51	116	71	187	69	35	37	70	36	38	78	30	46	76	30	49	7.9	6.3	8	6.4	9.2	6.5	8.2	6.4			2.2	1.38
Namibia	3	M	37	2.2	2.2	1.6	1.8	15		7.5	30		68	60	115	80	195				69	35.5	38				78.5	59.5	20.5			8	6			9.5	6.2		2.2		2
Namibia	3	M	34.5	2.1	2.1	1.5	1.6	13.9	14	18.6	28		67	57	129	83	212	76	38.5	39	76	40	40.5	82	35.5	49	84	33	51	7.9	5.8	8	5.8	9.4	6.4	9.7	6.5	2.1	2.1	2	2.2
Namibia	3	M	36	2.5	2.4	1.8	1.6	13.8	13.1	7.4	27.5		73	56	119	73	192	63.5	33	35.5	67.5	36	36	71.5	34	44.5				7.6	5.4	7.9	5.9	8.2	5.6	8.5	5.9				
Namibia	3	M	31	2.1	2.1	1.5	1.5	15.3	13.1	7.2	28		60	52	118	99	217	73	35	39	75	36	37.5	71	30	48	71	30	49	8	5.8	7.9	5.9	8.9	6.4	9	6.3	2.1	2.2	1.9	2.1
Namibia	3	M	25	2.4	2.4	1.8	1.8	18	14	5.5	28.5		63.5	50	110	69	179	69	36.5	38.5	71	36	38	70	32.5	46	75	30	48.5	8	6.4	7.9	6.4	8.4	7.2	8.6	7.2	2.3	2.2	2.35	2.4
Namibia	3	F	30	2.2	2.2	1.5	1.4	40.2	13.2	6.9	26		61	51	113	73	186	68	35	40	71	37	39	73	34	44	75	37	43.5	7.6	5.6	7.9	5.7	9	5.9	8.9	6				
Namibia	3	M	37	2.4	2.2	1.6	1.6	15	12.8	5.5	25		64	60	121	74	195	72	38	37	73	39	39	74	32	48	77	33	48	7.7	5.5	7.9	5.6	9.1	6.2	9.2	6.2	2.3	1.7	2.25	1.62
Namibia	3	F	35	2.1	1.5	2.1	1.5	14.7	12.9	6	25		65	53	116	72	188	71	35	37	70.5	37.5	36.8	76	33	44	77	35	45	7.5	5.2	7.9	5.6	9.3	6.9	8.9	6.3				
Namibia	3	M	37.5	1.9	1.9	1.4	1.4	14.6	13.2	6.7	26.5		62	58.5	115	78	193.5	74	36.5	38	72.5	34.5	37.5	78	33	49	80	34.5	48	8.1	5.7	7.9	6.5	9.2	6.8	9.1	6.5	2.9	1.5	2.5	1.3
Namibia	3	M	50	2.4	2.4	1.6	1.7	16.3	16.2	7.9	30		76	63	133	83	216	76	38	41	78	41	40	82	42	31	84	43	31	7.9	5.9	7.9	6.9	9.3	6.4	9.1	6.9	2.1	2.2	2.1	2.15
Namibia	3	M	40	2.33	2.3	1.79	1.7	15.4	13.5	7.4	27.9		66	56.3	124.5	77	201.5	68.1	33.2	39.7	72.8	37.3	40.5	78.4	34.4	47.2	77	31.4	47	7.8	5.5	7.87	5.4	8.68	5.95	8.68	5.85	3.04	2.05	3.06	1.95
Namibia	3	F	32	2.06	2.05	1.47	1.51	15.2	13.3	4.6			57	51	122	79	201	73	37	40				79	35	50				7.7	5.2	7.8	5.3	8.14	8.56	5.7	5.8				
Namibia	3	M	29	2.1	2.3	1.7	1.7	13.8	13.1	6.1	25		61	54	116	75	191	68	36	37	68	36	37	74	33	46	74	33	45	7.9	6	7.8	6.4	8.2	6.2	8.5	5.9	3	2	3.1	1.9
Namibia	3	F	35	2.1	2.1	1.5	1.5	15.2	13.5	6.3	27		64	65	119	75	194	73	35	40	75	38	40	78	33	33	76	31	33	7.9	5.4	7.8	5.2	8.8	5.7	9	6.2				
Namibia	3	M	36	2.4	2.3	1.7	1.8	15.2	13	6.4	28.5		63.5	63	118	74	192	71	38	38	71	37	37.5	77	36	46	77	34.5	44	7.9	5.7	7.8	6	8.9	5.9	9.2	6.5	2.5	1.9	3.1	2
Namibia	3	M	40	2.2	2.2	1.6	1.6	15	13	6.1	28		67	50	124	75	199	77	39	41	75	41	40	78	36	48	78	34	49	7.8	5.6	7.8	5.6	9.1	6.3	9.1	6.1	2.9	2	2.2	2.1
Namibia	3	M	35	2.2	2.2	1.6	1.6	15.2	12.6	4.6	25		63	68	124	70	194	73	39	41	71	36	40	78	35	48	80	35	48	7.5	5.3	7.8	5.6	8.9	6.2	9	6	1.98	1.52	1.9	1.49
Namibia	3	M	42	2.4	2.3	1.8	1.9	16	13.9	6.4	28		66	63	126	85	211	78	42	43	80	41	42	82	33	51	85	38	52	7.8	5.4	7.8	5.5	8.5	6.1	8.5	6	2.2	1.9	2.2	1.8
Namibia	3	F	28		2.2		1.7						57	42	120	73	193	74	38	40				81	35	51				7.9	5.7	7.7	5.5	8.8	5.7	8.4	5.8				
Namibia	3	F	31.5	1.8	1.9	1.3	1.35	13.1	12.9	6.2	24		58.5	55.5	105	72.5	177.5	67	32	35	67.5	33	35.5	74	31	44.5	73.5	32	45.5	7.4	5.6	7.7	5.6	8.3	6	8.3	6.3				
Namibia	3	M	35	2.4	2.4	1.9	1.8	15.5	13.6	4.8	25		64	54	119	78	197	67	33	40	67	33	40	74	32	48	75	32	47	7.5	6.6	7.7	6.4	8.3	6.3	8.8	6.7	2.7	1.6	2.7	1.7
Namibia	3	F	33	2.1	2.05	1.45	1.55	17.5	11.2	5	25		63	70	125	69	195	71	37.5	36	71	38.5	36	78	34.5	48	75.5	34.5	45	7.9	6.4	7.7	6	9.1	6.5	8.8	6.7				
Namibia	3	M	35	2	2	1.4	1.5	15.1	13	6.9	27		66	55.7	113	78	191	75	37.5	38.5	75.4	40.6	39.4	81	36.5	49	81.6	34.7	49.8	7.5	5.4	7.7	5.4	9	5.8	9.1	5.6	2.9	2	3.3	2.3
Namibia	3	M	35	2.3	2.2	1.7	1.8	14.7	13	5.1	25		62	60	130	71	201	66	38	36	65	37	33	75	34	46	70	35	45	6.7	5.3	7.6	5.5	8.3	5.2	8.2	5.4	2.1	1.8	2.2	1.6
Namibia	3	F	26	1.9	1.8	1.4	1.4	15	12.5	6	26		57.5	50	115	72	187				69	34	36.5				75	57	20			7.6	5.6			9	5.5				
Namibia	3	F	30	1.9	1.9	1.3	1.3	14.6	12.55	6.1	25		60	48.5	112	64	176	71	33	37	377.5	34.5	37.5	76.5	34	46	78	34.5	46	7.9	5.7	7.6	5.5	8.7	5.9	8.6	5.55				
Namibia	3	M	43	2.3	1.7	2.3	1.6	16	13.8	6.9	27		69.5	57.4	122	77.6	199.6	75	39	37	74	38	38	79	35.7	49	79	36	47	8.1	6	7.6	5.9	9.9	6.4	9.6	6.4	2.4	2.1	2.2	2
Namibia	3	F	22	2	2	1.5	1.5	14	11.4	5.5	28.5		58	48	115.5	72	187.5	68	33.5	39	69	35.5	39	78	31.5	47.5				7.4	5.9	7.5	5.6	8.7	6.1	8.3	6.2				
Namibia	3	F	26	2.2	2.2	1.6	1.7	13.8	12.1	5.6	24		59	50	109	75	184	63	32	37	63	32	38	69	29	43	67	29	42	7.5	6	7.5	6.4	8.1	6.2	7.8	6				
Namibia	3	M	33	2.1	2.2	1.6	1.7	14.4	13.1	6	25		63	58	124	74	198	69	39	38	69	37	38	73	31	45	74	31	46	7.8	6.3	7.5	6.3	8.8	6.7	8.4	6.4	2.8	2.1	2.8	2
Namibia	3	F	34	2.3	2.3	1.8	1.6	15.2	12.3	5.4	26.5		62	52	120	78	198	74	38	40	75	39	39	78	32	48	77	31	49	7.7	5.5	7.5	5.5	5.6	5.7	8.5	5.7				
Namibia	3	M	36	2.3	2.3	1.7	1.7	13.2	12.3	5.5	36		62	57	112	86	198	72	37	37	71	36	37	77	41	41	73	34	45	6.8	5.3	7.4	5.2	7.6	4.6	8.3	5.2	1.85	1.45	1.89	1.44
Namibia	3	M	36	2.2	2.2	1.5	1.5	15	13.7	6.2	28		68	52	119.5	68	187.5	70	39	36	72	38	37	75	36	30	74	34	29	7.2	5.5	7.4	5.8	7.9	5.7	8.1	6.1	1.9	1.9	1.9	1.9
Namibia	3	M	35	2	2	1.5	1.5	14.9	13.2	4.6	23		62	53	112	68	180	71	39	38	72	36	38	76	31	45	74	32	44	7.5	5.6	7.4	5.6	8.6	5.8	8.6	5.9	1.7	1.4	1.7	1.6
Namibia	3	F	26	1.8	1.8	1.3	1.3	13.3	13.2	5.7	25.5		62.5		110	70	180	68	33	35	70	35	37	75	32	45	76	32	45	7.4	5.6	7.4	5.4	8.4	5.8	8.6	5.6				
Namibia	3	F	35	1.9	2	1.5	1.4	14.6	12.7	5.4	24		59	56	114	75	189	71	38	38	71	38	37	77	33	45	77	33	46	7.3	5.4	7.4	5.4	8.5	5.7	8.5	5.8				
Namibia	3	M	30	2.7	2.6	1.7	1.7	16.1	13.2	7	26		59.5	52	125	76.5	201.5	73	36	39	70	36	39	77	40	41	78	39	41	7.4	5.3	7.4	5.3	8.3	6	8.3	5.9	1.8	2.1	1.8	2.1
Namibia	3	F	36	2.2	2.2	1.5	1.5	14.9	13.3	7.2	25		64	52	121	74	195	71	34	38	74	36	39	76	34	38	78	35	46	7.1	6	7.4	5.5	8.2	6.2	8.6	6				
Namibia	3	M	37	2.3	2.3	1.6	1.6	14.2	13.6	6.3	28		68	58	116	70	186	69	34	39	70	36	39	74	32	32	76	38	27	7	6.2	7.3	5.5	8	6	8.4	6.2	2.1	2	1.9	2.5
Namibia	3	F	23	1.93	1.84	1.37	1.39	15.4	12.2	4.72	24		57	50	109	65.5	174.5	64	33	36	66	33	34	73	33	45	68.5	28	44	7	5.8	7.25	5.9	9.08	6.5	8.07	6.06				
Namibia	3	M	32	2.2	2.1	1.6	1.2	15.2	13.8	6	28		62	51	114	74	188	72	37	39	71	36	38	76	33	47	74	32	47	7.7	6.1	7.2	6.2	9	9	5.9	6.1	2	2	1.8	2.2
Namibia	3	F	31	2	2	1.5	1.6	14.5	12.2	5.2	24		59	62	117	74	191	71	34	40	71	36	37	76	31	49	76	34	47	7.5	5.4	7.2	5.4	8.2	5.8	8.6	5.4				
Namibia	3	F	32	1.9	1.9	1.5	1.4	14.3	13.1	6.7	25		62	53	117	69	186	71	37	38	71	37	38	74	34	33	77	34	32	7.1	5.7	7.2	5.6	8.1	5.7	8	5.2				
Namibia	3	M	27	1.56		1.28			10.97		32		65	53	108	70	178	68	34	38	66	32	36	72.5	30	44	69.5	31.5	44	7.11	5.74	6.99	5.84	8.2	6.43	7.76	6.35	1.89	1.6	1.79	1.31
Namibia	3	F	33	2.28	2.18	1.45	1.48	10	13	5	25.5		63.5	49	130	71	201	71	36	40	70	34.5	40.5	78	32.5	44.5	75.5	30.5	47	7.8	6.4	6.98	6.14	8.48	6.14	8.53	6.14				
Namibia	3	F	35	2.2	1.5	2.1	1.5	14.4	13.2	5.9	25.5		61	52	116	71	187	72	35	36	72	35	37	79	36	45	77	36	45.5	7.3	5.1	6.9	4.8	7.6	5.1	7.7	5.5				
Namibia	3	M	37	2.2	2.3	1.7	1.7	15.9	13.7	7	28		64	58	122	75	197	71	38	39	71	37	37	79	34	33	79	35	32	7.3	6.2	6.9	6.1	8.2	6.3	8	6.2	1.9	2.1	2	2.2
Namibia	3	M	35	2.2	2.2	1.6	1.6	15.5	14.7	7.3	26.5		65	49.5	124	74	198	74	39	38.5	78	40	39	77.5	36	46	80	40	39.5	7.2	5.4	6.9	5.2	8.1	5.7	7.6	5.5	1.8	2	1.9	2.1
Namibia	3	F	33	2.05	2	1.5	1.5	14.7	13.1	6.5	26		60	53	123	69	192	66	35	38	70	37	37	76	34	32	78	35	32	7.2	5.7	6.8	5.5	7.5	5.8	7.8	6				
Namibia	3	F	20.5	1.55	1.93	1.04	1.4	13.1	12.1	4.4	23		56.5	45.5	105	72	177				63	34	37							7.2	6.3	6.7	6.4	7.7	6.2						
Namibia	3	F	25	1.8	1.9	1.4	1.4	13.4	12	5.9	24		56	47	111	66	177	67	35	36	67.5	34.5	36	75	32	44	73	32	46	6.5	5.2	6.6	5	8.7	5.6	7.7	5.8				
Namibia	3		27																																						
Namibia	3	M	33.5																																						
Namibia	3	M	35																																						
Namibia	3	M	35																																						
Namibia	3	M	35																																						
Namibia	3	M	33																																						
Namibia	3	F	20																																						
Namibia	3	M		2	2	1.4	1.4	14.2	13.1	3	24					69.5		63	37	40	65	40	27	57	25	35	52	26	33		4.3		4.3		5.2		5.2				
Namibia	3	M	34.5	2.1	2	1.6	1.6	13.5	14	7	28		63	57	110	70	180				68	35	36				72	56	20							8.8	6.7				1.6
Namibia	4	M	48	2.4	2.5	1.7	1.7	16.4	14.7	7.4	28		72	60	132	75	207	80	41	39	78	41	39	80	35	46	82	35	50	8.7	6	8.9	6.4	9.9	7.1	9.9	7	2.1	1.9	1.9	1.8
Namibia	4	F	38	2.1	2.1	1.45	1.5	15.25	13.3	5.8	27		65.5	53	126	76	202	82.5	42	40.5	74	38.5	40.5	79.5	34.5	35.5	75.5	36.5	34.5	8.5	6.1	8.7	6.2	9.4	6.25	9.1	6.2				
Namibia	4	M	34	2	1.9	1.5	1.4	14.1	12.2	6.7	26.5		63	57	114	74	188	73	37	39	71	34.5	37	78	38	46	76	34	46	8.2	6.3	8.7	6.4	8.8	5.8	8.7	5.6	3.3	1.8	2.9	1.7
Namibia	4	M	41	2.2	2.3	1.5	1.7	15.7	14.1	7.1	27		66	53	126	79	205	73	38	40	74	37	40	76	33	48	79	34	49	8.6	5.5	8.6	5.5	8.9	8.9	5.7	5.8	2.8	1.85	2.9	1.9
Namibia	4	F	38	2	2	1.2	1.3	14.2	13	8	26		65.5	58	120	76	196	75	35	38	72	36	39	77	34	49	80	34	49	8.4	6.4	8.6	6.5	9	6.2	9.5	6.2				
Namibia	4	M		2	2	1.4	1.4	16.8	14.7	6.2	29		61	60	125	76.5	201.5	77						81						8	6.2	8.5	6.2	9.6	6.2	9.2	6.2	3.55	2.75	4	2.8
Namibia	4	M	43	2.1	2.1	1.5	1.5	15.5	14.5	6.9	26		71	59	124	74	198	78						81						8.3	6.4	8.5	6.4								
Namibia	4	M	36	2.4	2.3	1.8	1.8	20.4	13.5	7	26		71	56	124	74	198	70	37	38				76	33	48				8	5.5	8.5	5.5					3.3	1.7	2.8	1.8
Namibia	4	M	43	2	1.9	1.4	1.4	15.5	14.5	7.6	27		70	57	125	78	203	77	39	39	75	36	39	81	35	49	80	37	49	7.7	6.2	8.5	6.1	9.2	6.2	9.5	6	2.8	1.5	3.2	1.7
Namibia	4	M	43	2	2.1	1.4	1.4	15	14.5	7.6	27		70.5	54	125	79	204	78	39	41	77	39	40	81	36	50	81	37	49	7.6	5.6	8.5	6	9.5	6.2	9.5	6.5	2.9	1.7	3.1	1.6
Namibia	4	M	37	2.2	2.3	1.9	1.7	15.7	13.1	7	26		66	53	126	76	202	74	39	39	74	38	39	79	35	47	79	33	50	8.5	5.9	8.4	6.1	9.3	6.5	9.1	6.5	2.65	1.5		
Namibia	4	M	36	1.9	1.9	1.4	1.4	15	13.5	6.9	26		64	51	119	82	201	76	37	40	76.5	37	38	79	34	49	79.5	35	49.5	8.3	5.6	8.4	6.6	9	5.9	8.7	6	2.9	1.9	2.6	1.5
Namibia	4	F	38	2.3	2.3	1.7	1.7	16.6	14.2	5.7	27		64	60	129	77	206	76	41	40	76	39	39	79	32	49	81	33	49	8.2	6.2	8.4	6	8.4	6.15	8.5	6.8				
Namibia	4	M	41	2.2	2.1	1.6	1.6	15.4	13.4	7	29		68	60	127	75	202	74	38	39				83	38	49				8.1	6.2	8.3	6.3	8.8	6.4	9	6.4				
Namibia	4	F	36	2	2.1	1.4	1.35	14.95	13.7	5.75	24.5		66.5	56	104	75	179	74	36.5	38	73.5			77.5	35	47				7.7	5.5	8.3	5.6	8.9	5.7	8.9	5.7				
Namibia	4	F	40	1.8	2	1.1	1.2	14.5	14.1	6.9	27.5		66	60	116	73	189	73	37	39	73	37	38	77	34	48	77	35	47	8	6	8.3	5.7	9	6	8.8	5.6				
Namibia	4	M	39.5	2.15	2.1	1.4	1.65	15.5	14.3	7.9	28		65	54	127	79	206	74	37	40	73	37	38.5	79	34	49	78	35	48	7.65	5.7	8.3	6.15	9.4	5.8	9.5	6.2	2.5	1.6	2.4	1.4
Namibia	4	M	43	2.3	1.7	2.3	1.7	16.3	14.6	6.5	27		68	58	123	75	198	74	38	39	76	39	39	79	34	46	79	34	48	8.4	5.9	8.3	5.8	9.4	6.5	9.6	6.5	1.9	1.7	1.9	1.7
Namibia	4	M	41	2.3	2.4	1.7	1.7	16	14.5	22.5	28		72	56	131	75	206	77	40	42				78	36	49				8.2	6.3	8.2	6.4	8.7	7.1	8.3	6.8				
Namibia	4	F	32	2.1	2.2	1.6	1.6	19.5	12.9	6.2	28		64	51	129	72	201	67	33	38				76	32	47				7.7	5.5	8.2	5.8	9.3	6.2	9	6.9				
Namibia	4	F	28	2	2	1.4	1.3	13.7	12.2	6.2	24		63	46	116	71	187	68	34	36	70	34	36	75.5	31	46	76	34	45	8.2	5.5	8.2	5.3	9	5.6	8.7	5.2				
Namibia	4	M	43	2.1	2.2	1.6	1.6	16	16.5	6.2	27		68	55	125	79	204	78	39	43	79	40	41	81	33	51	81	34	50	8.2	6.4	8.2	6.5	9	6.1	9	6.1	1.8	1.8	1.8	1.7
Namibia	4	M	40	2.2	1.5	1	2.1	15	13.9	7.5	27		66	55	129	75	204	68	35	39	69	34	39	79	81	35	35	49	50	8.2	6.3	8.1	6.3	8.5	6.4	8.4	6.3	2.75	1.55	2.55	1.85
Namibia	4	F	33	2.3	2.1	1.6	1.7	15.2	12.7	6.1	25		61	54	121	72	193	67	35	39	69	36	40	72	31	43	73	31	44	7.9	6.3	8.1	6.2	8.7	6.1	8.8	6.6				
Namibia	4	F	34	2.2	2.1	1.6	1.7	14.9	12.6	6	29		65	55	120	71	191	68	36	39	72	35	40	72	30	45	74	31	46	8.2	6.3	8.1	6.1	8.7	6.8	9.1	6.5				
Namibia	4	M	42	1.8	1.8	1.5	1.5	14.9	14.3	8	27		67	62	120	70	190	75	38.5	38				81	36.5	48				8.1	6	8	6.3	9.2	6.1	9.2	6.4	2.5	1.5	2.7	1.6
Namibia	4	F	34	1.8	1.7	1.25	1.3	12.5	13.4	8.7	27		67	56	126	75	201	76	39.5	40.5				81	36	48				8	6	8	6	9.5	6.7	8.7	6.5				
Namibia	4	F	29	2.1	2.1	1.4	1.4	15.2	13.2	5.1	25		65	50	117	75	192	68	37	37	71	38	36	74	32	45	75	34	47	7.9	6.1	8	6.2	8	6.3	8.7	6				
Namibia	4	M	48.5	2.1	2.1	1.5	1.4	16	15	9	30		74	60	125	79	204	76	38	40	76	38	40	81	36.5	49.5	81	37	49.5	7.7	6.6	8	6.8	9.8	6.7	9.5	7	2.8	1.9	2.8	1.8
Namibia	4	M	37	2.2	2.2	1.7	1.4	15.3	13.6	7.5	29		64	58	125	72	197	73	37	40				78	34	48				7.7	6	7.9	5.6	8.5	6	8.9	6.3				
Namibia	4	M		2.2	2.2	1.7	1.6	15.9	15.7	6.4	25		68	54	121	75	196	73	42	40	72	39	40	76	35	48	73	32	47	8	6.2	7.9	6.1	9.8	6.2	9.7	6.2	3	1.8	3.1	2
Namibia	4	M	46	2.3	2.3	1.7	1.6	15.2	13.8	6	26		71	72	128	67	195	73	38	39	72	38	38	78	34	46	78	34	47	7.8	6.3	7.9	6.4	9.1	6.7	9.1	6.5	2.45	1.4	2.5	1.7
Namibia	4	M	43	2.1	2.1	1.5	1.5	15.1	14.2	7.7	27		69	57	118	67	185	74	39	37	74	39	39	77	36	48	79	36	47	8	6.4	7.9	6.6	9.3	6.6	9.4	6.4	2.8	1.2	2.7	1.3
Namibia	4	M	48	2.5	2.4	1.9	1.9	16.2	14.6	7.7	27		72	53	129	76	205	78	40	40	75	38	40	83	36	50	82	36	49	8.2	6.4	7.9	6.3	9.1	6.6	9.2	6.7	2.1	2.5	2.2	2.5
Namibia	4	M	36	2.34	2.36	1.73	1.82	15.4	14.4	5.4			66	52	123	78	201	76	40	40	75	37	40	82	36	51	83	37	50	7.77	6.9	7.9	5.9	9.28	6	9.2	6.34	2.6	1.96	2.4	1.9
Namibia	4	M	35	2.2	2.2	1.6	1.6	15	14.2	5.6	27		70	60	122	76	198				70	37	39				78	33	47	8.2	6.1	7.8	6	9.1	6.5	9.6	6.3	2.8	1.8	3.1	1.6
Namibia	4	M	42	2.4	2.3	1.6	1.6	16.9	14.9	6.3	30.5		71	57	126	73	199	74	40	40	77	41	39	81	39	33	80	36	32	8	5.7	7.8	6.3	9.1	6.1	9.1	6	2.2	2.2	2	2.2
Namibia	4	M	36	2.4		1.6								51	126	71	197				74	39	38				76	31	47	7.7	5.7	7.7	6	8.5	5.9	8.7	6	3.35	2.05	3.45	2.09
Namibia	4	M	33	2.3	2.3	1.6	1.7	14.8	13.9	6.7	26			55	120	77	197	73	39	37	73	37	38	77	32	48	77	30	48	7.6	5.8	7.7	5.8	9.8	7.6	9.2	6.5	2.2	2.1	2.4	2.1
Namibia	4	M	30	2.2	2.2	1.7	1.6	14.7	13.4	6.2	26		69	56	120	76	196	71	38	42	71	36	40	78	33	49	78	35	48	7.6	5.9	7.7	5.7	8.2	6.2	8.4	6.2	2.5	2.2	2.4	2
Namibia	4	F	37	2.1	2.2	1.7	1.7	15.6	15.8	5.6	27		68	56	128	78	206	73	39	40	73	38	38	78	30	48	78	32	48	7.7	5.4	7.7	6	9	6.4	8.8	6.3				
Namibia	4	M	38	2.2	1	1.5		16.7	13.7	4.7	26		69	48	127	76	203	77	40	41	76	39	39	78	34	46	79	35	48	7.5	5.8	7.7	5.7	8.5	5.7	8.6	5.5	1.8	2.2	1.7	2.2
Namibia	4	F	35	2	2	1.3	1.35	14.7	13.4	7.8	25		63	50	130	80	210	76	38	40	75	37	39	80.5	37	50	80	35	50	7.7	5.7	7.7	5.2	9.1	5	9	5.1				
Namibia	4	M	41	2	2	1.6	1.7	12.8		8.8			69.5	59.5	122	75	197	73.5	39	39	75	39	40	81	42	42	82	41	40	5.5	5.6	7.7	6.3	7.2	4.5	8.4	6.2	2.6	2.1	2.9	2.6
Namibia	4	F	34	1.8	1.8	1.2	1.2	14.9	13.3	7.4	24.5		64	48.5	118	70	188	72	36	40	72	34.5	38	76	33	47	75	33	47	7.2	5.4	7.6	5.4	9.1	5.6	8.8	5.2				
Namibia	4	M	42	2.1	2.1	1.6	1.6	15.1	14.8	6.1	25		69	64	133	73	206	65	35	39	64	30	39	77	33	48	76	32	48	7.6	6.9	7.6	6.7	9	7	9.1	6.9	2	2	2	2.1
Namibia	4	F	36	2.2	2.3	1.6	1.6	15.6	12.7	6.7	26		68	51	124	73	197	70	39	37	69	38	36	80	37	47	76	33	49	7.6	6.4	7.6	6.7	8.9	6.4	9.1	7				
Namibia	4	F	29.5		1.8		1.35	14	14.2	6.1			60	50	106	70														7.8	5.7	7.5	5.4	8.5	5.7	9.1	5.4				
Namibia	4	F	37	1.8	1.8	1.1	1.2	14.9	14.6	6.9	28		60	66	119	75	194				67	34	38				74	34	42			7.5	6			9.2	5.4				
Namibia	4	F	29	2.2	1.5	2.1	1.6	13.7	12.9	6.3	25		61	47	112	69	181	70	36	39	71	36	37	73	31	47	77	33	48	7.2	5	7.5	5	8.6	5.4	8.2	5.2				
Namibia	4	M	38.5	2.4	2.3	1.7	1.7	15.7	14.3	8.8	27		68	53	128	78	206	70.5	39	38.5	71	38	38	78	37	45	79	36	47	7	6.1	7.5	6	8.5	5.6	8.1	6	2.3	2.1	2.2	2.3
Namibia	4	F	44	2.2	2.1	1.6	1.6	15.7	14	8.4	27		72	65	131	79	210	74	37	41	73	37	41	81	35	48	81	34	48	7.5	6	7.5	6	8	6	8.5	5.5				
Namibia	4	F	33	2.1	2.1	1.6	1.6	14.2	13.9	7.1	23		62	48	128	71	199	70	39	38	71	37	38	76	33	43	75	33	47	8.2	5.9	7.4	5.4	9	6.2	9	5.8				
Namibia	4	F	41						12.9				72	57	124	66	190				70	35	39	78	35	49	78	34	48	6.9	5.9	7.4	5.7	9.2	6.6	9.1	6.4				
Namibia	4	M	36	2.2	1.6	2.2	1.7	16.7	15.1	5.9	26		65	60	127	73	200	72	38	40	73	38	39	74	32	45	73	33	43	8.1	6.1	7.3	6.2	8.9	6.4	9	6.5	2.4	1.65	2.45	1.55
Namibia	4	F	33	1.8	1.8	1.3	1.4	15	13.7	6.7			60	57	110	75	185	69.5	33	38	71.5	34	37.5	76	33	48	77.2	34	47.5	8	5.1	7.2	5.5	8.3	5.2	8.6	6.5				
Namibia	4	F	33										62	55	113	71	184				67	32	35				74.5	33	46	7.4	5	7.1	5	8	5.3	8	5.1				
Namibia	4	M		1.9	2.1	1.4	1.5	12.1	10.7	8.1			66.5	50.5	123	73	196	70	33	37.5	69.5	32	40	72	36	39	76	39	38.5	7.1	6.4	5.8	5.4	8.2	6.4	7.3	6.2	2.3	1.7	2.2	1.8
Namibia	4	F	35	2.6	2.7	1.4	1.5	15.2	13.3	5.8	24		61	51	121	75	196	67	36	39	71	35	39	76	34	47	77	34	45	8	6	5.2	5.5	8.7	8.8	5.9	6				
Namibia	4	M	40	1.8	1.95	1.3	1.3	14.5	13	6	28		63	66	121	74	195	71	37	37.5				76.5						8	6			9.2	5.6						
Namibia	4	M	43																																						
Namibia	4	M	40																																						
Namibia	4	M	36																																						
Namibia	4	F	40	1.9	1.7	1.2	1.2	15.2	15.2	6.1	29		61	64	124	75	199	78	35	36				79	34	45				7.7	5.8			9.7	6.1						
Namibia	4	F	35	1.7	1.9	1.2	1.1	14.5	12.5	6	28				122	76	198	71	36	37				76	34	44				7.6	5.4			8.9	6						
Namibia	4	F	32																																						
Namibia	5	M	45	2.4	2.3	1.7	1.7	16.4	14.8	7.45	26		73	63	122	76.5	198.5	71	41.5	40	73	40	39	76.5	35	33	73	35.5	34	8.6	5.9	9.1	5.9	8.2	5.7	9.2	5.8	3.6	2.15	3.95	2
Namibia	5	F	45	2.4	2.3	1.5	1.5	14.7	13.3	7.7	25		74	60	122	77	199	77	40	38	76	38	41	77	34	46	77	34	49	8.4	7.3	9.1	7.6	9.3	7.4	9.9	7.4				
Namibia	5	M	49	2.3	2.4	1.7	1.7	18	17.2	8	27.5		75	63	125	71	196	75	36	40.5	79	36	40	80	32	48	83	38	51	9.3	6.5	9.1	6	9.8	5.4	9.2	5.7	2.6	2	2.8	1.9
Namibia	5	M	44	2.4	1.6	2.3	1.8	17.8	14.9	6	28		71	70	121	73	194	75	40	41	76	40	41	77	33	19	78	35	47	8.7	7.3	9	7.3	9.3	7.1	9.1	6.6	2.6	1.35	1.8	1.35
Namibia	5	M	44	2.5	2.5	1.8	2	17.3	15.3	7.6	29		68	55	136	74	210	80	42	42	81	43	41.5	81.5	35	49	82	35	50	8.5	5.7	9	5.5	9.8	6.2	10	6	2.1	1.4	2.3	1.6
Namibia	5	M	48	2.4	1.5	1.6	1.7	17	17	9	27		74	60	127	72	199	73	37	40	74	33	39	83	38	50	83	38	50.5	8.7	6.3	9	6.3	9.3	6.5	9.3	6.3	2.2	1.9	2.5	1.9
Namibia	5	M	42.5	2.1	2.1	1.5	1.5	15	14.3	7.9	29		70	56	120	77	197	75	39	39	75	39	38	78	34	48	79.5	35	48	8.4	6.6	8.9	6.6	9.5	6.3	9.7	5.8	2.4	1.9	2.7	1.9
Namibia	5	M	46	2.3	2.3	1	1.6	15.5	14.7	8.2	29		70	62	127	72	199				78	41	40	81	36	49	79	33	48	8.3	6.1	8.8	5.9	9	6	9	6.1	2.5	2.2	2.6	2.1
Namibia	5	M	50	2.1	1.7	2.3	1.7	16.8	14.7	5.8	27		73	165	132	76	208	75	43	41	76	41	43	80	36	49	81	37	49	8.3	6.4	8.7	6.7	9.5	8.1	9.7	7.9	2.9	2.15	2.85	2.05
Namibia	5	M	48	2	2	1.4	1.4	15.3	15.1	8.4	28		71	55	120	76	196	79	39.5	41	79	41	40	81	37	50	82	37	50	8.2	6.7	8.6	6.4	9.5	6.6	9.1	6.7	2.9	1.6	2.4	1.6
Namibia	5	M	43	2.2	2.2	1.6	1.7	14.6	13.2	8.5	29		70		119	73	192	75	40	39	73	39	35	74	32	46	66	32	44	8.3	7.2	8.5	7.3	9.1	7.2	9.6	7.1	2.8	2.35	2.7	2.2
Namibia	5	F	35	1.7	0.9	1.2	1.3	14.5	13.3	6.7	28		67	49	122	76	198	75	38	37	70	36	37	78	32	48	75	34	45	8.5	6	8.5	6	9	6.2	9.1	6.4				
Namibia	5	F	42	2.2	2.2	1.6	1.6	15.1	13.7	8.4	26		70	55	131	76	207	76	40	41	70	35	41	80	35	49	78	33	49	8.5	6.1	8.5	6	9.5	6.4	9.3	6.4				
Namibia	5	M	40	1.9	1.8	1.6	1.6	16	15	6	26.5		70	68	125	75	200				72	36	39				79	37	46	8.6	6	8.5	6	9.2	5.6	9.1	5.5	3.2	1.9	3.2	1.9
Namibia	5	M	48	2.2	2.4	1.6	1.6	15.6	14.5	7.6	28		74	63	121	70	191	72	38	38	73	38	38	79	36	48	80	35	48	7.9	6.2	8.5	6.5	8.9	66.5	8.8	6.6				
Namibia	5	M	40	2.2	2.2	1.8	1.8	15.3	14.1	7.9	28		67	57	122	77	199	77.5	39	41	77	39	41	82	35	52	82	36	51	8.8	5.7	8.5	5.8	9.3	6.1	9.3	6.1	2.3	1.7	2.35	1.6
Namibia	5	M	50	2.2	2	1.6	1.6	16.2	15.8	8	31		74	60.5	123	74.5	197.5	77	40	39.5	78	40	39	80.5	36.5	50.5	82.5	37	50	8.9	6.7	8.5	6.8	9.5	6.4	9.2	6.2	2.7	1.5	2.7	1.5
Namibia	5	M	48	2.1	2	1.45	1.55	15.5	14.8	9.3	27		70.5	56	126	77	203	78	39.5	40	78.5	39	39				83	38	50	8.2	6.3	8.5	6.5	9.2	6.45	9.5	6.3	3	1.9	2.9	2
Namibia	5	M	52	2.3	2.3	1.6	1.7	17.1	15.3	7.4	29		75	59	132	83	215	81	41	42	80	45	42	86	40	51	84	38	51	8.4	6.3	8.5	6.1	9.5	6.6	9.5	6.9	2.4	2	2.2	2.1
Namibia	5	M	40	2.38	2.33	1.83	1.75	15.33	13.37	5.3			68	52	124	76	200	77	39	39	77	39	40	82	36	49	81	36	50	8.46	6.75	8.47	6	9.3	6.9	8.96	6.76	3.42	1.88	3.32	1.89
Namibia	5	M	40	2.2	2.1	1.5	1.5	15.5	13.2	7.6	25		69	57	115	75	190	76	39	39	75	39	40	80	36	47.5	79.5	35	49	7.9	6	8.4	6.3	8.9	6.1	8.9	5.8	2.6	1.7	2.6	1.8
Namibia	5	M	49.5	2.1	2.2	1.5	1.5	15.5	14.8	7.5	27.5		69.5	64	124	80	204	74.5	38	39	75	38	39.5	80.5	35.5	50	80	36.5	49	8	6.2	8.4	6.8	9.8	6.9	9.9	6.5	2.6	2	2.5	1.9
Namibia	5	M	46	1.9	2	1.4	1.4	15.7	14.3	8.7	27		72	63	127	80	207	77	39	41.5	77	37	40	82	37	49	80	35	49.5	7.7	6	8.4	6.3	9.3	6.1	9.2	6.5	2.2	1.8	2.7	1.9
Namibia	5	M	44	2.4	2.5	1.8	1.8	15.6	14.2	5.6	27		71	57	130	77	207				80	42	42				83	35	51	8.2	6.3	8.4	6.3	9.7	6.4	9.2	6.3	2.2	1.8	2.15	1.8
Namibia	5	M	45	2.3	2.4	1.8	1.7	15.8	14	7.2	29		71	59	128	74	202	79	41	40	78	41	40	83	36	51	83	38	48	8.7	6.1	8.4	6.3	9.4	6.8	9.6	6.5	3.3	2.2	3.2	1.9
Namibia	5	M	51	2.4	2.5	1.7	1.8	16.7	15.3	7	29		73	56	134	73	207	80	42	41	78	40	44	82	36	50	85	38	48	8.2	5.9	8.4	5.8	8.9	6.2	8.8	6.3	3.35	2.1	3.2	2
Namibia	5	M	46	2.1	2.1	1.45	1.45	15.9	14.7	7.6	27		71	58	125	80	205	80	40	42	80	40	41	86	39	52	85	39	52.5	8.45	6	8.4	6	9.9	6	9.65	6.5	3	1.9	3.2	1.9
Namibia	5	M	48	2.5	2.5	1.85	1.8	16.2	14.2	5.8	30		72	60	124	76	200				79	38	42				86	38	53	9.2	5.9	8.4	6.3	9.2	7	9.2	6.7	1.9	2.2	1.9	2.2
Namibia	5	M	49	1.75	1.95	1.2	1.3	15.4	14.6	7.2	28		74	67	125	70	195							82	36	50				8.3	5.8	8.3	5.95	8.8	6	8.5	6.1				
Namibia	5	M	45	2.5	2.5	1.7	1.8	17.3	15.6	7	27		71	55	103	79	182	78	41	42	77	41	42	79	33	49	76	31	49	8.8	6.3	8.3	6.6	9.6	9.8	7.1	7				
Namibia	5	M	46	2.3	2	1.3	1.4	15.8	14.9	7	28		67.5	62	120	79	199	77	37	39.5	76	37.5	39.5	80.5	36	50	79	34	49	8.3	5.7	8.3	6	9.7	6.3	9.6	6.4				
Namibia	5	M	43	2.3	1.7	2.3	1.7	17.5	14.2	5.5	29		68	70	125	78	203	75	38	40	76	39	40	77	32	48	79	34	48	8.1	6.7	8.3	6.8	8.8	7.1	9.3	6.7	2.7	1.7	2.8	1.6
Namibia	5	M	46	2.3	2.4	1.8	1.8	15.8	14.7	8.4	28		70	67	124	71	195	78	41	41	74	39	41	81	37	48	81	35	49	8.4	6	8.3	5.9	8.9	6.5	9.1	6.3	2.7	2.2	2.3	2.1
Namibia	5	M	51	2.2	2.25	1.5	1.6	16.9	15.3	9.3	29		77	60	130	78	208	81	41	41	81	41	40	84	35	50	83.5	39	49	8	6.1	8.3	6.6	9.6	6.2	9.5	6.5	3	1.9	2.7	2
Namibia	5	M	35	1.9	2.2	1.5	1.5	16.3	14.3	7.2	27		65	50.5	123	81	204	76	36	40	79	39	39.5	83	35	51	83.5	36	49.5	8.4	5.5	8.3	5.8	9	5.8	9.3	6.1	2.5	1.9	2.4	1.9
Namibia	5	M	54	2.27	2.39			17.1	15.2	6.2			73	67	137	79	216				82	43	41				84	37		8.04	6.4	8.3	6.6	9.6	7.1	9.02	6.2	2.87	2.27	2.9	2.11
Namibia	5	M	50	2.9	2.3	1.1	1.7	16.9	14.9	7.7	30		73	57	130	73	203	81	41	42	82	43	44	83	38	51	84	38	51	8.9	6.3	8.3	6.3	9.9	6.7	10	6.9	3.5	2.1	3.2	2.2
Namibia	5	M	50	2.37	2.09	1.82	1.91	16.1	13.7	7.02	28		74	63	125	82	207				77	40.5	40.5				81	35	50	7.8	6.8	8.27	6.9	9.88	7.07	8.9	6.69	3.25	2.6	3.42	2.95
Namibia	5	M	45	2.3	2.2	1.6	1.6	16.8	14.8	6.4	29		70	66	124	78	202	77	40	40	76	38	39	78	34	49	77	35	48	8.4	7.7	8.2	7	9.9	7.1	9.7	7.2	2.4	1.6	2.5	1.6
Namibia	5	M	41	2.1	2.1	1.7	1.6	15.4	13.7	7.5	29		68	55	129	72	201	73	38	40	74	38	40	77	34	47	78	34	49	8.1	5.8	8.2	6	8.9	6.5	8.6	5.9	2.65	1.75	2.7	1.75
Namibia	5	M	40	2	2.2	1.3	1.3	15.2	13.7	6.8	27		65	52	126	78.5	204.5	75	39	42	74	41	40.5	78	36.5	47	78	35.5	48	8.1	5.8	8.2	5.5	9.2	5.6	9.2	6.3	2.38	1.82	2.38	1.8
Namibia	5	F	39.5	2	2	1.2	1.2	15	12.8	7.5	25		68	55.5	120	76	196	75.5	38	39	74.5	37	39	78	34	48	78	36	49	8	6	8.2	6.2	9.3	5.8	8.9	5.5				
Namibia	5	M	42	2.3	2.3	1.6	1.7	16.1	14.2	7.2	27		69	59	143	73	216	77	40	39	76	40.5	38	78	35	47	78.5	35	46	8.1	5.8	8.2	5.9	8.4	6.3	8.3	6.2	2.4	2.1	2.3	2
Namibia	5	M	48	2.5	1.75	2.4	1.8	17.1	14.8	7.3	30		73.5	61	129	77.5	206.5	83.5	44.5	39	78.5	42	40	68.9	23.9	45	79.5	41	43	8	5.8	8.2	6.2	9.7	6.5	10.7	9.5	2.2	1.8	2.3	2.3
Namibia	5	M	46	2.4	1.8	2.3	1.8	16.2	14.7	7.5	7		70	57.5	121.5	73.5	195	74	38	40	73	40	37	80.5	43	42.5	80	42	39	8.1	5.9	8.2	5.9	8.8	6.4	8.7	6.7	2.2	2	2.2	2.1
Namibia	5	M	45	1.7	1.4	1.2	1.2	15.5	14.2	7	26.5		66	67	123	76	199	75	37	39	73.5	37		80.5	35.5	49	81.5	36	50	8.2	6.5	8.2	6.4	9	6.3	9.4	6	2.3	1.8	2.5	1.6
Namibia	5	M	45	2	2.1	1.6	1.5	16.8	14.4	6	28		69	55	132	80	212	76	39	40	71	36	41	79	36	50	84	36	51	8	6.2	8.2	5.7	9.2	6.5	9	6.4	3.2	2.2	3.3	2.2
Namibia	5	M	45	2.35	2.2	1.6	1.65	15.6	15.8	9.2	28		77	62	125	75	200	79	41	41	79	40	38	84	36	50	85	36	57	8.2	6.1	8.2	6.2	9.2	6.9	8.8	6.9	1.3	0.9	1.4	0.9
Namibia	5	M	45	2.5	2.3	1.6	1.7	16.9	14.3	7.6	29		72	56	134	70	204													8.1	5.9	8.1	6.1					2.4	2	2.3	1.9
Namibia	5	M	45	2.4	1.6	2.4	1.6	16.2	15.4	6.2	28		72	51	127	71	198	69	36	40	70	38	40	78	33	49	77	33	49	8.4	6.7	8.1	6.1	9.3	7.1	9.4	7.3	2.6	1.65	2.6	1.7
Namibia	5	M	45	1.9	2	1.35	1.3	15.2	14.7	7.2	27.5		72	63.5	122	75	197	76	37	38.5	75	38.5	38	79	34	48.5	79	35	48	7.8	5.8	8.1	6	9.2	6.2	9.45	5.8	2.5	1.75	2.5	1.8
Namibia	5	M	44	2.2	2.1	1.8	1.7	16.2	14	7.6	27		71	57	129	79	208	67	33	40	72	36	39	79	38	46	79	36	46	8.1	6.6	8.1	6.6	8.9	6.9	9.1	6.2	2.75	2.25	2.7	2.2
Namibia	5	M	41	2.1	2	1.6	1.45	16.05	13.4	5.9	29		67	53	121	76	197	77	40	39	76	40	39	83			82			8.1	6.6	8.1	6.9	8.9	6.1	9	6	3.2	2.1	2.9	2
Namibia	5	M	46	2	2.1	1.5		15.5	15.2	7.3	27		71	54	121	74	195	78	38	40	79	37	39.5	83	37	50	82.5	37	49	8.2	6.3	8.1	6.2	9	6.2	9.2	6.2	2.7	1.8	3	1.9
Namibia	5	M	54	2.5	2.4	1.8	1.9	15.8	14.6	6.8	32		78	64	132	78	240	80	41	41	82	44	43	83	36	51	85.5	35	53.5	8.3	6.4	8.1	6.4	9.2	10.2	9.2	6.6	2.2	2.3	2.3	2
Namibia	5	M	43	2.3	2.4	1.7	1.8	16.1	15.1	6.5	29		73	61	131	77	208	79	43	41	79	40	42	84	37	48	86	39.5	50	8	6.1	8.1	6.3	9.2	6.5	9.1	6.6	2.1	2.3	2	2.1
Namibia	5	M	45	2.66	2.28	1.65	1.8			6.1			72	57	129	77	206	78	40	38				79	36	50						8	5.6			8.58	5.75	2.25	1.65	2.25	1.55
Namibia	5	F	38.5	2.2	1.5	2.2	1.4		13.7	6.3	26		70	60	122	70	192	72	40	40	71	41	39	70	33	43	74	32	43	8.3	5.7	8	6	9.3	6	9.1	6.2				
Namibia	5	F	35	2.1	1.9	1.5	1	15	12.5	5	26		66	51	125	66	191	67	33	37	73	38	37	73	32	44	77	34	47	8.2	5.9	8	5.8	8.3	6.3	8.7	5.9				
Namibia	5	M	46	2.5	2.4	1.8	1.6	17.8	15	5.2	28		71	65	127	75	202	74	42	39	76	41	42	80	34	48	78	35	47	8.2	7	8	6.4	8.8	7.7	9.5	7	2.1	1.69	2.15	1.64
Namibia	5	M	44	2.5	2.5	1.6	1.7	16.2	13.8	5	29		66	56	128.5	76.5	204	74	40	40	69.5	40	37.5	76.5	37	48	80	38	48	8.5	6.7	8	6	9.6	6.5	9.2	6.8	3.2	1.8	3.1	1.75
Namibia	5	M	42	2.1	2.1	1.5	1.5	14.9	13.5	7.9	25		70	57	123	80	203	78	39	40	76	38	39	80	37	47.5	80	35	49	7.7	5.6	8	5.7	9	5.8	8.7	5.7	2.8	1.9	2.9	1.9
Namibia	5	M	39	1.1	2	1.1	1.4	14.7	14.1	7.3	26		64	59.5	115	81.5	196.5	75.5	38	39	75	37	40	79.5	35	50	81	36	49	8	5.5	8	5.9	9.3	6.3	8.9	5.6	2.6	1.7	2.4	1.5
Namibia	5	F	38	1.9	2.1	1.3	1.2	14.9	13.7	7.8	26		69	55	126	76	202	76	38.5	39	75	35	39	79	34	49	81	35	50	7.3	5.7	8	5.7	9.1	5.2	8.7	5.9				
Namibia	5	M	48	2.1	2.15	1.6	1.5	16.4	14.4	9.1	28		70.5	60	130	76	206	74.5	39	39	72	38	40	80.5	37	48	82	35.5	51	7.5	5.7	8	6.1	9.4	6.1	9.2	6.4	3.1	1.9	3.3	2
Namibia	5	M	45	2.4	1.7	2.4	1.7	14.9		7.2	29		70	53	128	78	206	72	42	41	77	41	41	81	37	49	82	37	51	8.1	5.5	8	5.6	8.8	6	9	5.8	2.54	1.85	2.36	1.72
Namibia	5	M	44.5							6.21			72	58	131	74	205				80	44	40				83	38	50			8	5.7			8.5	6.1	2.4	1.8	2.33	1.7
Namibia	5	M	43	2.1	2.2	1.6	1.5	15	14	6	28		68	57	125	76	201	77	39	39	76	40	38	81			84			8.3	6.1	8	6.3	9	6	9.2	6.3	3.8	2.3	3.5	2.1
Namibia	5	M	45	2.2	2	1.5	1.5	16.5	15.1	8.5	27		71	54	136	83	219	80	40	42.5	80	39	40.5	87	38	52	86	39	52	8.4	6.2	8	6	9.5	5.7	9.4	6.2	3.2	1.8	2.9	1.9
Namibia	5	M	40					16.3	14	5.8	27		73	62	126	92	218				75	40	39	75	43	48	77	34	48	8.2	6.2	7.9	6.2	8.9	5.8	8.9	6.3				
Namibia	5	M	43.5	1.4	2.1	1.6	1.7	17.3	14	7.4	28		67	56	127	77	204	74	38	40	70	39	39	80	37	47	78	36	46	7.4	6	7.9	6	8.7	6	9.3	6.9	3.1	2	3	2
Namibia	5	M	49.5	2.4	2.4	1.8	1.7	16.2	14.6	6.3			73	67	120	75	195				73	41	38				79	37	47	7.8	5.9	7.9	6	9.2	6.5	9.2	6.6	3.2	2.5	3.2	2.5
Namibia	5	M	47	2	2	1.5	1.6	15.2	14.4	7.5	29.5		70	64	126	75	201				74	38	38				80	36	48.5	8.3	6	7.9	5.9	9.5	6.4	9.4	6.15	2.5	1.8	2.6	1.8
Namibia	5	M	47	2.2	2.1	1.6	1.6	16.4	13.8	6.4	28.5		70	66	125	75.5	200.5	73	37	39	77	40	40	79	34	45.5	80	35	47	7.9	5.9	7.9	5.7	8.8	6	8.8	5.9	2.3	1.9	2.3	1.9
Namibia	5	M	48.5	2.3	2.3	1.5	1.4	15.3	14.4	11.4			68.5	55.5	122.5	76.5	199	76	37.5	40	77.5	40.5	41	82.5	34	49	81	40	41.5	8.1	6.2	7.9	5.9	8.8	5.4	8.6	5.4	3.3	1.9	3.2	2.1
Namibia	5	M	40	2.4	2.4	1.8	1.9	17	14.6	6.1	28		69	61	127	85.5	212.5	79	41	41	77	42	43	81	38	49	82	34	50	8.2	5.6	7.9	6.1	9	6	8.5	5.5	2.5	1.9	2.5	2.1
Namibia	5	M	45	2.4	2.5	1.7	1.8	16.3	14	5.7	28		69	51	127	75	205	77	42	42	79	41.5	43	80	37	47	82	36	49	8.2	6.2	7.9	6.2	9.9	6.3	9.6	6.3	2.7	1.9	2.7	1.9
Namibia	5	M	51	2.3	2.2	1.6	1.6	16.5	15.7	10	29		78	56	130	72	202	81	42	39	82	44	44	87	38	53	84	34	34	8.4	6.5	7.9	6.5	9.8	6.8	9.7	6.9				
Namibia	5	M	46	2.35	2.3	1.6	1.75	15	14.3	8.3	28.5		74.5	55.5	128	78	206	79	40	42	76	40	39.5	82	31	52	84	42	43	7.9	6.2	7.9	6	8.4	6.2	7.9	6	2.42	2.37	2.45	2.63
Namibia	5	M	48	2.3	2.5	1.1	1.9	16.6	14.4	7.8	28		73	55	140	79	219	78	40	41	79	41	41	83	37	51	85	39	50	7.4	5.5	7.9	5.4	8.5	6.4	8.6	6.3	2.3	2.4	2.2	2.4
Namibia	5	M	44	2.41	2.42	1.7	1.68	15.7	11.35	7.21			73	54.5	129	78	207	79	39	41.5	77	40	40	83	35	49	82	36	48.5	7.7	6.75	7.88	6.71	8.66	6.43	9.08	6.29				
Namibia	5	F	40	2.2	1.6	1.6	1.6	15.2	13.6	5.6	27		68	55	125	46	201	73	37	40	73	40	40	75	32	45	75	32	43	8	6.3	7.8	6.4	8.8	6.3	8.4	6.4				
Namibia	5	F	41	2.2	2.2	1.6	1.6	14.9	13.3	6.9	23		71	56	122	70	192	71	36	38	73	37	38	74	31	36	75	33	46	7.8	5.8	7.8	5.8	8.8	6.2	8.8	6.7				
Namibia	5	F	29	1.8	1.7	1.3	1.3	14.8	13.9	7.5	25.5		59	46	116	73	189	72.5	36	38	73	35	38	77	33	46.5	77	34	47	7.2	5.4	7.8	5.7	8.6	5.2	8.8	5.4				
Namibia	5	F	38	1.8	1.8	1.2	1.2	15.4	13.7	7.7	25		66.5	58	118	74	192	73	36	38	74	38	38	79	34	49	78	34	49	7.7	5.5	7.8	5.5	8.7	5.5	8.85	5.8				
Namibia	5	M	39.5	1.9	2	1.3	1.4	14.5	14.3	6.8	24		64	62	116	76	192	75	36	41	73	37	38.5	79	35	50	79	35	50	8.3	5.7	7.8	5.4	9.3	6.3	9.5	5.4	2.6	1.5	2.5	1.5
Namibia	5	F	32	1.9	2	1.3	1.4	14.1	13.4	6.9	26		62.5	50	120	77	197	75	36	39	75	37	39	78	34	48	79	33.5	48	7.7	5.8	7.8	5.7	8.7	5.9	9	5.5				
Namibia	5	M	40	2.2	2.2	1.6	1.5	15.3	13.3	5.9	27		71	54	129	72	2.01	71	35	40	77	41	40.5	80	36	49	81	36	50	7.5	5.5	7.8	5.5	9	5.8	9	6.2	3.2	2	3.3	2
Namibia	5	M	48	2.3	2.3	1.65	1.65	15.4	14.6	7.25	29		81	59	134	82	216	76	42	41	72	40	41	80	63	22	82	63	22.5	8.1	6.15	7.8	6.35	9.45	6	10.1	6	3.25	2.2	3.35	2
Namibia	5	F	37.5	1.9	2	1.4	1.4	14.6	13.2	7.3	25.5		65	55	113	73	186	71.5	34	36.5	71	36	35	74	34	46	75	34.5	46	7.7	5.8	7.7	5.7	8.8	6.1	8.7	5.9				
Namibia	5	F	43	1.1	2.1	1.6	1.5	12.6	9.9	8.8	25.5		67.5	75	126.5	66	192.5	70.5	37	38	73.5	36.5	38	75	31.5	47.5	76	34	47	7.6	5.5	7.7	5.4	7.9	5.8	8.3	5.3				
Namibia	5	M	40.5	2.3	1.9	1.6		14.4	13.4	6.7	26.5		70	57.5	122	78	200	71	36	38.5	74	39	40	76.5	34	46	78	33	48	6.8	5.3	7.7	5.3	8.7	6	8.9	6.7	2.5	1.8	2.5	2
Namibia	5	F	35	2.1	2.2	1.6	1.6	14.4	12.7	6.1	25		69	52	123	68	191	71	37	38	68	37	37	76	37	44	78	33	47	7.7	5.5	7.7	5.9	9	5.4	8.6	5.1				
Namibia	5	M	38	2.2	2.2	1.5	1.7	16	14.2	7.1	26		66	57	120	79	199	74	36.5	38	74.5	38	38	80	34	48	79	35	46.5	7.9	5.4	7.7	5.9	9.1	5.6	9.1	6.2	2.7	1.9	2.7	1.9
Namibia	5	M	60		2.25		1.7	16.6	12.1	8	32		84	70	141	79	220				73	43	37				82	36	47			7.7	5.8			9.3	6	3.2	1.9	3.3	1.9
Namibia	5	M	46	2.3	2.31	1.66	1.68	15.4	11	7.1			77.5	65	124	75	199	81	41	42.5	77.5	43	43	83	35.5	49	82.5	36.5	47	7.88	6.71	7.68	6.72	8.44	6.75	8.77	6.65	3.4	2.8	3.8	2.65
Namibia	5	F	34	2.2	2.2	1.6	1.6	14.3	12.6	6.7	24		63	52	120	72	192	71	40	37	72	38	38	75	33	47	76	31	47	8	6.2	7.6	6	8.6	5.9	9.1	5.9				
Namibia	5	F	40	2.1	1.6	2	1.5	14.7	13.3	6.1	27		69	55	120	73	193				74	39	39				79	35	47	7.4	6.2	7.6	6.3	8.6	6.4	8.3	6.4				
Namibia	5	M	43					14.6	12.2	6.7			68	67	123	70	193				74.5	39	39				79.5	36.5	47	7.6	5.5	7.6	5.4	8.5	5.5	8.7	5.4				
Namibia	5	M	49	2.1	2.2	1.6	1.6	15.8	14.4	8.5	28		71	57	129	73	202	74	39	39	74	37	40	80	36	49	82	36	47	8.1	5.3	7.6	5.9	8.8	6	8.7	6.1	2.5	1.76	2.44	1.74
Namibia	5	M	52	2	2.3	1.8	1.7	14.9	15.4	9.1	29		75	59	128	83	211				80	45	40				83	37	48	7.8	7	7.6	7.1	8.5	6.8	8.5	6.9				
Namibia	5	M	38.5	2.1	2.15	1.4	1.45	15.5	14.5	7.5	27.5		68.5	55	116	76	192	73	35	38	73.5	36.5	37	76.5	33	47	73	31	49	8.1	6.1	7.5	5.8	8.8	5.8	9.15	5.8	2.1	1.7	2.1	1.7
Namibia	5	F	35	2	1.9	1.2	1.2	14.8	13.3	6.8	25.5		65.5	58	125	75	199	74	40.5	38	69.5	33	37.5	89.5	35	51.5	76.5	33.5	43.5	7.6	6	7.5	5.7	8.6	5.8	8.5	5.7				
Namibia	5	F	33	2	2.1	1.4	1.5	13.8	12.6	8.5	23		60	44	123	76	199	72	38	40	75	39	40	78	34	48	79	34	47	8	5.3	7.5	5	9.5	5.6	9.2	5.6				
Namibia	5	M	50	2.4	2.4	1.7	1.6	16.4	15.3	6.3	27.5		74.5	64.5	130	75	205	80.5	40.5	40.5	80.5	40	41.5	87	39.5	52.5	80.5	34.5	49.5	8	6.4	7.5	6.3	9.2	6.3	8.5	6.6				
Namibia	5	M	40	2.2	2.2	1.5	1.5	16.9	14.3	5.6	29		69	52	126.5	70	196.5	77	42	40	77.5	42	41	82	36	49	82	36	50	7.1	6.1	7.5	5.7	8.8	6.4	8.6	6.7	3.2	2.1	3.3	2.1
Namibia	5	F	29	1.7	1.2	0.9	1.1	14.8	12.5	7.2	24.5		55.5	53.5	112.5	70	182.5	72	37	37				72	33	44				7.6	5.4	7.4	5.7	8.4	5.1	8.6	5.7				
Namibia	5	F	37	1.99	2.06	1.58	1.5	15.3	12.26				67	52	127	79	206				75	39	38				77	37	44.5			7.4	5.4			8.7	5.5				
Namibia	5	M	48	2.32	2.33	1.67	1.67	16.75	12.8	6.4	26.5		74	55.5	130	83.5	213.5	83.5	45.5	42	78.5	41	41.5	81	34.5	49.5	79	36	47.5	7.61	6.71	7.31	5.99	8.51	6.76	8.35	6.66				
Namibia	5	M	39	2.1	2.05	1.5	1.55	16.3	14.5	9.2	27.5		68	55	118	60	178	74.5	38	39	75	38	36	76	33	46.5	78	34	48.5	7.6	5.8	7.3	5.8	9.2	6.2	8.6	5.9	2.5	1.8	2.7	1.8
Namibia	5	M	43	2.2	2.3	1.5	1.5	15	13.6	6.6	28		69	51	120	78	198				78	40	40				80	36	49.5			7.3	5.4			9	5.4	2	1.9	1.9	1.8
Namibia	5	M	33	2.2	2.3	1.5	1.6	12.1	13.2	8	27		68	59	93	68.5	161.5			35.5	64	33	36	67	28	44	70	34	44	6.7	5.7	7.2	5.7	7.8	5.4	7.8	5.4	2.45	1.6	2.3	1.7
Namibia	5	M	41		2		1.5	15.2	13.3	9.3	27		70	66	125	80	205				71	35	36				75	38	39	7.9	5.7	7.2	5.7	8.9	5.7	8.6	6	3.7	2.2	3.65	2.2
Namibia	5	M	43	2	2	1.5	1.5	14.5	13.6	6.6	26.5		69	72	117	67	184	70	33.5	37	71	35	35	74	31.5	45.5	75	32	45	8	6.1	7.1	5.8	9.3	6.3	9.3	6.2	2.6	1.9	2.7	1.9
Namibia	5	M	41.5	1.9	2	1.4	1.5	14.7	14	6.5	24		67.5	68.5	116	69	185	72.5	35.5	37.5	72.5	38	37	79	35	47	79	35	47	7.4	5.1	7.1	5	8.7	5.1	8.2	5	2.6	1.7	2.5	1.7
Namibia	5	F	34	2.1	2	1.4	1.5	14.1	13	6	25.5		65	49.5	125	67.5	192.5	70	35.5	40				78	35	46				6.8	4.9	7	5	8.5	5.2	8.2	5.6				
Namibia	5	M	33	2.1	2.1	1.6	1.5	15.1	13	6	25		65	52	116	51	167	72	37	38.3	71	34.5	37.5	74	30	45	74.5	31	47	7.6	5.6	7	5.8	8.3	6	8.3	6	2.4	2.1	2.2	2.1
Namibia	5	F	29	2.1	1.9	1.4	1.4	12.5	12.2	7.4	26		60	57	120	71	191	67	35	37	67	35	36	75	34	43	76	34	45	7.1	5.1	7	5.3	8.8	5.3	8.5	5.3				
Namibia	5	F	34	2.1	1.6	2.2	1.5	14.1	12.9	6.7	27		63	49	124	70	194	63	33	38	66	36	39	45	28	34	73	31	34	7.8	6.2	6.9	5.4	8.4	6.4	8.3	5.7				
Namibia	5	F	36	1.9	1.8	1.2	1.4	15	14.2	6	25.6		62	57	120	76	196	71	33	38	71	33	37	79	33	48	79	35	47	7.6	5	6.9	5	8.7	5.1	8.6	5.1				
Namibia	5	F	36.5	2.1		1.6		14.5	12.9	6.3	25		68	50	121	71	192	73	38	39	72	37	37	78	35	48	79	35	48	6.7	5	6.9	5	7.9	5.4	8	5.6				
Namibia	5	M	30	1.6	1.7	1.35	1.4	13.1	12.35	6.9	24.5		63	58	100	66	166				69	33.5	34				71	31.5	43	7.1	5.2	6.8	5.2	8.3	5	8.3	5.1				
Namibia	5	F	33.5	2.13	2.1	1.41	1.48	13	10.9	7			65	50	119	69	188	70	37	36	69	36	37	76	34	46	74	34	46	7	5.8	6.7	5.5	8.4	6.1	8.4	5.7				
Namibia	5	M	40	2.3	2.3	1.7	1.7	15.3	13.4	6.9	26		66	51	113	75	188	73	39	39	74	38	39	77	34	46	76	33	47	6.8	5.1	6.7	5.3	7.9	5.5	8	5.8	2	2.2	1.9	2
Namibia	5	M	49					12	5						55	30	85				33	15.5	19				29	9	16	3	2.5	3.5	2.5					2.5	2	2.5	1.5
Namibia	5	M	44					16.55	14.8	7.7	27		73	67	126	74	200																								
Namibia	5	M	54	2.18		1.5		13.2		11.5			83	79	142	75	217																								
Namibia	5	M	40												117	80	197																								
Namibia	5	M	40												119	80	199																								
Namibia	5	M	45										69	60	117	69	186																								
Namibia	5	M	49										77.5	64.5	136	77	215																								
Namibia	5	M											67.5	76	130	78	208																								
Namibia	5	M	49																																						
Namibia	5	M	28																																						
Namibia	5	M	42.5																																						
Namibia	5	M	38																																						
Namibia	5	M	39.5																																						
Namibia	5	M	45																																						
Namibia	5	M	48																																						
Namibia	5	M	45																																						
Namibia	5	M	45																																						
Namibia	5	F	39	2.1	1.9	1.3	1.3	15.5	13.7	5.4	29		63	66	112	71	183	68	37	34				75	35.5	43				7.9	6.2			9.4	5.5						
Namibia	5	F	41												114	78	192																								
Namibia	5	F	35																																						
Namibia	5	F	37.5																																						
Namibia	5	F	32																																						
Namibia	5	F	36																																						
Namibia	5	F	32																																						
Namibia	5	F	35															67	36	38				77	34	46								8.07							
Namibia	5	M	46	2.3	2.4	1.7	1.8	15.2	14.4	8.1	28		72	60	132	77	209				81	43	40	78	36	48	80	38	47					8.6	5.9	8.7	5.9	2.5	1.8	2.3	1.9
Namibia	6	M	54	2.6	2.4	1.9	1.8	17.1	15.6	7.2	31		76.5	62.5	122	84	206				79.5	41.5	41				82	37	48.5	10	7.2	9.6		10.1	7.1	10.5	6.9	2.5	2.1	2.4	2
Namibia	6	M	53	2.3	2.4	1.6	1.4	18	13.6	7.5	34		79	64.5	147.5	85	232.5	77	45.5	41	79	46	42	84.5	38	51.5	78.6	40	52	8.8	7.1	9.3	6.3	10.2	6.5	10	6.6	2.65	1.85	2.7	1.9
Namibia	6	M	51	2.6	2.4	1.7	1.8	17.9	14.7	8.2	26		78	64	125	79	204	76	41	42	71	36	41	81	36	49	79	36	49	9.2	7.3	9.2	7.3	1.2	6.9	9.9	7.8	2.88	2	2.8	1.98
Namibia	6	M	53	1.6	2.1	1.8	0.9	16.1	14.8	7.1	30		75	71	130	74	204	79	41	39	81	43	41	82	38	34	85	38	31	8.2	6.2	9.2	6.7	8.3	6.4	9.1	6.4	1.9	2.1	2	2
Namibia	6	F	50.5	2.1	2.1	1.4	1.4	15.8	14.7	8.3	28		73	57	135	79	214	78	41	39.5	78	41.5	40	82.5	37	51.5	82.5	37	51	8.8	6.2	9.1	6.9	9.6	7.1	9.5	6.9				
Namibia	6	M	48	2.7	2.5	1.7	1.7	15	14	7.2	28.5		72.5	64.5	131	77	208	75	36.5	41	75	38	41	79	34.5	51.5	81	33.5	50.5	7.7	6.5	8.9	6.5	7.6	6.4	8.8	6.7	2.2	2.2	2.1	2.3
Namibia	6	M	55	2.2	2.2	1.5	1.6	16.5	15.1	22.1	29.5		77.5	63	127	81	208	85	44	42.5	86	44	45	87	38	54	90	45	54	8.6	6.5	8.8	6.9	9.8	6.8	10	6.5	3.5	2.2	3.3	2.2
Namibia	6	M	43	2.2	2.1	1.5	1.5	16	14.5	7.5	27.5		70	55	124	76	200	76.5	38.5	39				80	36	49	80.5	35.5	49	8	6.5	8.7	6.3	9.7	6.3	9.7	6.7	3.2	1.7	2.7	1.8
Namibia	6	M	54	2.3	1.1	1	1.1	17	15.6	8.3	31		72	58	136	76	212	79	42	39	76	40	39	82	39	47	81	37	49	8.8	7	8.7	6.9	9.3	6.6	9.6	6.9	2.9	1.8	2.8	1.8
Namibia	6	M	39	2	2.5	1.25	1.25	14.6	13.9	7.2	27.5		67.5	54.5	118	79	197	77.5	39	39.5	77.5	39	39	82	35	50	81	35	50	8	5.5	8.7	5.7	8.9	5.6	9.1	5.5	3.2	1.6	3	1.6
Namibia	6	M	39	2.15	2	1.35	1.3	15.8	14.4	7.8	27		70	45.5	122	78	200	78	39	39	77.5	40	37.5	82	35	47.5	82	37	47.5	8.4	6.1	8.7	6.3	8.8	5.7	8.8	5.5	2.7	1.8	2.7	1.9
Namibia	6	M	48	2.1	1.6	1.55	1.5	15.2	14.3	8.1	26.5		74	58	122	78	200	78	40	39.5	77	39.5	39	82.5	36.5	49.5	82.7	37	49	8.8	6.9	8.7	7.5	9.45	7	9.55	6.6	3.2	1.8	3.1	2
Namibia	6	M	54	2.4	2.4	1.9	1.8	16.8	15	7.5	30.5		75	62	137	78	215	82	42	43	83	43	44	83	37	51	83	34	52	8.1	6	8.7	6.2	8.7	6.6	8.9	6.8	2.1	2.5	2.2	2.4
Namibia	6	M	51	1.9	1.89	1.5	1.42	17.4	14.5	6.5	27		76	65	123	76	199				80	40	40				83	39	51	8.8	6	8.7	6	9.3	6.5	9.5	6.5				
Namibia	6	F	41	2	2.1	1.4	1.4	14.5	14	6.7	26.5		69	58.5	119	76	195	64.5	35.5	37.5	70.5	40.5	38.5	76	33.5	33.5	77	36.5	33	7.8	5.6	8.6	6.1	9.1	6	9.2	5.9				
Namibia	6	F	38	2.1	2	1.4	1.6	14.7	13.9	5.9	26		70	53	121	72	193	70	36	38	71	39	38	76	33	46	77	35	45	8.4	5.8	8.6	5.9	9.1	6.4	9.2	6.2				
Namibia	6	M	49	2.3	2.2	1.7	1.6	16.3	14.9	6.6	26		73		133	76	209	69	34	42	69	34	41				79	37	51	8.3	6.3	8.6	6.5	9.2	6.8	9.2	6.8	3.6	2.5	3.4	2.3
Namibia	6	M	54.5	2.2	2.1	1.6	1.4	15.2	15.1	8.3	29		80	63	125	78	203	82	36	50	78	38.5	40	78	40	39	82	38	50	8.8	6.3	8.6	6.6	9.6	6.5	9.5	6.6	3.2	2	3.2	2.2
Namibia	6	M	57	2.5	2.5	1.7	1.8	16.6	15.2	7.5	31		80	65	134	83	217	82	44	43	81	42	43	86	37	51	87	38	50	8.6	6.6	8.6	6.4	10.3	6.8	10.5	7	5.6	3.6	5.6	3.3
Namibia	6	M	47.7	2.4	1.6	1.8	1.7	16.9	15	6			77	60	128	74	202	83	44	43	85	45	44	88	41	54	88	39	55	8.6	6.6	8.6	6.5	9.8	7	9.9	7	3.3	2.2	3.3	2.2
Namibia	6	M	50	2.19	1.97	1.37	1.33	21	12.5	6.5	25.5		79	73.5	110	76	186	79	43	38	76	42	36	80	37	47	81	39	48	8.17	5.57	8.59	5.49	8.66	6.11	8.39	5.75	2.35	1.97	2.35	1.95
Namibia	6	M	51	2.3	1.9	0.09	1.6	16.8	15	7.4	32		78	64	132	78	210	76	35	41	76	35	40	77	35	49	77	35	49	8.2	6.7	8.5	7.1	9.9	7.5	10	7.3	2.8	2.4	2.9	2.8
Namibia	6	M	44	2.3	2.4	1.7	1.7	15	14.5	8	27		71	58	133	75	208	77	43	40	77	42	40	79	34	48	80	35	49	8.5	6.7	8.5	6.7	6.9	7.2	9	9.1	2.5	2.5	2.6	2.4
Namibia	6	M	48	2.4	2.4	1.8	1.8	16.9	14.4	6.4			71	57	126	77	203	76	40	41	76	40	41	78	33	48	79	35	48	8.1	7.2	8.4	6.9	9.5	6.9	9.5	7.1	2.35	1.85	2.45	1.75
Namibia	6	M	51	2.2	2.1	1.55	1.55	16.8	14.5	6.4	27.5		74	61	125	75	200	76.5	38.5	37	77	38	36	80	35.5	49.5	80	36	49	8.2	6.5	8.4	6.6	9.7	6.7	9.5	6.4	3.3	2.2	2.85	2.2
Namibia	6	M	46	2.4	2.4	1.8	1.7	16.2	14.3	5.4	27		72	66	123	72	195	75	42	39	75	41	40	79	33	47	80	33	47	8.6	4.9	8.4	6	8.9	6.6	8.9	6.6	2.3	2.2	2.4	2.2
Namibia	6	M	45.5	2.5	2.4	1.6	1.5	15.5	14.4	10.5	7.1		72	58	122.5	76.5	199	76	40.5	40	79.5	38.5	41	81.5	35	48	82.5	38	47.5	8.9	6.4	8.4	6.2	9.5	6.1	9.4	6	2.65	2.25	2.55	2.2
Namibia	6	M	45	2.35	1.7	2.2	1.7	15.95	14	7.2	29		71		118	75	193	73	38.5	37.5	74	39	37.5	77.5	41	40	76	39.5	39	8.4	6	8.3	6.1	9.3	6.1	9	6.1	2.1	2	2.2	2.2
Namibia	6	F	41.5	2	1.45	1.4	1.35	15.1	14.2	6.5	26		69.5	56	125	77	202	76	36	39	76	38	37	80	37	49	79	36	50	7.8	6	8.3	6	9.1	6.7	8.9	6.4				
Namibia	6	F	43	2.3	2.28	1.35	1.43	15.7	14.1	5.1	29.5		67	62	131	74.5	205.5	78	38	42	76	37.5	41	79	35.5	47	79	33	48	8.1	6.1	8.3	6.1	8.9	6.4	9.4	6.3				
Namibia	6	M	54	2.3	2.2	1.6	1.6	14.5	16.4	10	29.5		69	55.5	132	80.5	212.5	81.5	38	41	80.5	40.5	39.5	84	35	49	82	33.5	48	8	6.2	8.3	6	9.2	6.4	9.2	6	3.1	2.3	3.3	2.3
Namibia	6	M	45	2.2	2.2	1.7	1.6	15.6	14.8	7.2	28.3		75	54.5	129	81.4	210.4	75	40	39.5	77	40.5	41	83	35.6	49	83	34	51	8.9	6.5	8.3	6.5	9.8	6.3	9.1	6.3				
Namibia	6	M	46		2.1	1.6	1.3	15.2	14.2	8.7	28		73.5	54	129	73	202	78.5	39.5	39.5	78	42	39.5	83	37	52	83	38	51	9	6.7	8.3	6.3	9.7	6.8	9.7	6.2	3.1	1.7	3.3	1.8
Namibia	6	M	50	2.5	2.6	1.8	1.7	17.5	15.5	6	15.5		73	66	131	77	208	81	39	43	80	43	43	81	37	49	85	38	51	8.3	6.3	8.3	6.3	9.5	6.5	9.6	6.5	2.2	2.5	2.2	2.6
Namibia	6	M	43.5	2.3	2.2	1.6	1.7	15	14	7	26.5		73.5	61	118	72.5	190.5	73	36	38	73	36	37	75.5	34	46	76	33.5	46.5	8.2	6.8	8.2	6.4	9.9	6.2	9.9	6	2.5	2	2.5	2
Namibia	6	M	48					16.6	14.6	5.2	26		72	57	123	70	193				79	41	41				78	35	46	8.2	6	8.2	6	9.5	6	9.5	6.2				
Namibia	6	F	40	2.3	2.2	1.6	1.6	14.5	14	6.8	27		66	53	130	79	208	79	41	41	76	41	41	81	36	51	80	38	46	8.4	6.2	8.2	6.2	9.5	7	9.3	7				
Namibia	6	F	41.5	2.1	2	1.5	1.6	15.1	13.8	5.8	26		71	56	122	75	197	74	40	39	74	40	39	80	35	47	81	36	48	8.2	7.2	8.2	6.9	9.1	7.7	9.4	6.3				
Namibia	6	M	44	2.15	2.25	1.45	0.7	15.5	15.1	8	27.5		74	61	126.5	76.5	203	79	41	40	77	42	38	80	35	37	82.5	35.5	38	7.8	6.2	8.15	5.9	9.5	6.7	9.5	6.4	3.1	2.23	3.1	2
Namibia	6	M	38	2.6	2.7	1.6	1.7		14.1	7	27		70	56	122	71	193	74	41	40				72	32	46				7.9	6.8	8.1	6.1	9.1	6.4	9.7	6.2	2.7	1.75	2.1	1.8
Namibia	6	F	41	2.74	2.45	1.69	1.61	15.15	15.3				68	49	127	77	204	72	38	40				79	33	50						8.1	5.9			8.7	6.3				
Namibia	6	F	34	2.2	2.2	1.5	1.1	14.9	14.3	5.1	27		63	58	118	70	188	69	34	39	69	35	37	75	31	45	70	32	40	8.1	5.9	8.1	6.1	9.1	6.2	8.8	6.1				
Namibia	6	M	58	2.6	2.5	1.7	1.7	16.3	15.3	8.2	30		74	58				75	41	42	81	42	41	73	31	50	73	31	51	8.1	6.7	8.1	6.5	9.4	6.8	9.5	6.8	2.6	2.7	2.5	2.5
Namibia	6	F	42	1.9	1.9	1.25	1.3	15.8	14.3	7.1	26		71	60	118	78	96	75	39	38	77	39.5	38.5	81	33.5	48.5	77	34	49	7.7	6.05	8.1	6.2	9.2	5.7	9.2	5.5				
Namibia	6	F	42	2.3	2.3	1.6	1.6	16	13.5	6.4	24.5		67	58	126	78	204	78.5	42	40	76.5	41	39	85	38	49	77.5	38	47.5	8.1	5.8	8.1	6	8.9	6.2	9.1	6.1				
Namibia	6	M	40.6	2	1.95	1.3	1.3	15.5	15.9	7.2	27		68	52	120	81	201	77	37.5	39	78	40	39.5	81.5	36	50	82.5	36	49.5	8.3	5.8	8.1	6.2	8.9	5.7	8.9	5.6	3	1.8	3	1.8
Namibia	6	M	40.6	2	1.95	1.3	1.3	15.5	15.9	7.2	27		68	52	120	81	201	77	37.5	39	78	40	39.5	81.5	36	50	82.5	36	49.5	8.3	5.8	8.1	6.2	8.9	5.7	8.9	5.6	3	1.8	3	1.8
Namibia	6	M	56	1.9	2	1.7	1.7	16.9	15.5	9.2	31		77	63	133	76	209	78	41	41	77	41	42	82	38	48	84	39	50	8.2	6.2	8.1	6.1	8.9	6.1	8.8	6.2	3.6	2	3.6	2.2
Namibia	6	F	43	2.1	2.34	1.42	1.45	14.6	11.3	7.6	25.3		71.5	57.5	127	72.5	199.5		37	38.5		40	41.5		33.5	48		32.5	45.5	8.04	6.01	8.05	5.76	8.88	5.72	8.32	5.95				
Namibia	6	F	35	2.2	2.3	1.6	1.6	15	14.5	7	26		67	60	118	77	195	74	37	39				78	33	33				8	5.5	8	6	9.5	6	8.6	6.7				
Namibia	6	M	36	1.8	2	1.4	1.25	15	13.7	7.1	25		66	51	119	76	195	73	37	38.5	71	37	35	76	33	47.5	77.5	33.5	47.5	8.2	5.9	8	5.5	9.3	5.5	9.1	5.3	3.2	1.8	3.2	2
Namibia	6	M	37	2	2.2	1.6	1.6	15	16	6.3	29.6		66	54	120	69	189				72	38.5	36				78	60	19			8	5.9			9.6	6				2.3
Namibia	6	M	48	2.4	2.5	1.8	1.7	16.1	14.4	6.8	28		72	59	136	72	208	74	37	41	73	36	41	80	34	49	79	34	49	8.3	6.2	8	6.2	9.7	7	9.5	6.7	3.6	2.9	3.5	2.9
Namibia	6	F	40	1.8	2	1	1.05	15.1	13.6	7.9	27.5		68	55	125	67	192	74.5			75			79.5			80			8.1	6	8	5.9	9.25	5.9	9.25	5.7				
Namibia	6	M	50	2.4	2.4	1.8	2	16.5	15.4	7.7	3		79	57	131	79	210	80	43	41	80	43	40	84	37	51	85	38	52	8.2	6.3	8	6.1	9.8	7	9.8	6.9	3.7	2.5	4.5	2.6
Namibia	6	F	44	1.81	1.78	1.13	1.17	14.29	10.83	8.57	27		70.5	68	119.5	74	193.5	70.2	35.6	36.4	70.7	37.5	37	73.5	41	40.1	78.4	41.9	40.6	7.88	5.83	7.99	6.04	9.08	5.99	8.79	5.92				
Namibia	6	M	41	2.2	2.1	1.6	1.6						71	66	116	74	190	72	39.5	37				76	59	20	76	57	19	8.5	6.5	7.9	6.3	9.6	6.3	9.3	5.8		2.4		2.4
Namibia	6	F	35	2	2	1.3	1.2	14.9	14.6	6.3	27		60	60.7	112	70	182				76	37	33				76	35	44			7.9	5.2			9.1	5.7				
Namibia	6	F	37	2.1	1.9	1.7	1.6	16	13.5	6	26		66	47	118	75	193	73	38	39	74	38	39	77	34	47	76	32	47	8.4	5.7	7.9	5.9	9.1	6.2	8.5	6.6				
Namibia	6	F	30	1.9	2	1.1	1.2	13.7	12.3	6.5			60	49	117	69	186	70	33	36	71	33	37	75	35	44	76	35	44	8.3	5.7	7.9	5.5	9.1	5.2	9	5.5				
Namibia	6	M	39	2.3	2	1.6	1.5	15.8	13.7	6	27		66	51	123	71	194	76	40	39	75	37	39	79	36	45	80	36	47	7.9	6	7.9	6	5.6	5.9	8.7	5.8	3.06	2.45	3.16	2.16
Namibia	6	F	34	2	2.1	1.3	1.3	16.6	13	7.5	25.5		67	54	126	76	202	78	41	42	46	41	42	83.5	36.5	50	80	35.5	50	8	5.6	7.9	5.7	9.1	6.2	9	6.2				
Namibia	6	M	37	2.58	2.38	1.8	1.85	16.7		6.22			63.5	54.5	141	81.5	222.5	82	43	42				80	32	51				8.49	6.25	7.82	6.18	8.87	6.47	8.94	6.78				
Namibia	6	M	42	2.3		1.5		16	14.4	7.4			72	54	127	74	201	76	39	31				79	34	48				7.7	5.4	7.8	5.5	8.5	5.5	8.6	5.6	3.1	2.3	2.8	2.3
Namibia	6	F	38	2.21	2.24	1.52	1.42	15.2	14.5	5.59			66	50	120	76	196	77	38	41				79	33	51				7.5	5.4	7.8	5.6	9	8.78	5.9	6.1				
Namibia	6	F	38	2.1	2.1	1.4	1.5	14.5	14	6.4	27		68	61	124	74	198	74	39	37	72	38	39	77	33	32	78	32	34	7.5	5.4	7.8	5.5	8.8	6.1	5.8	8.6				
Namibia	6	M	47	2.5	2.4	1.6	1.5	16.2	15.1	6.8	30		74	56.5	130.5	77.5	208	78	40	40	77	41	42	80	42	27	81	42	30	8.1	6.3	7.8	6.4	8.9	7.5	8.8	6.7	2.3	2.1	2.1	2.1
Namibia	6	M	48	2.4	2.4	1.7	1.3	16	14.8	8.1	30		74	60	135	77	212	79	43	41	77	42	40	79	35	47	81	38	46	7.7	5.9	7.8	5.6	8.9	5.9	8.8	5.9	3.3	2.8	3.2	2.4
Namibia	6	M	42	2.3	2.2	1.7	1.8	16	14.4	6	27		70	55	121	79	200	80	40	43	80	41	43	80	34	52	83	33	51	8	6.4	7.8	6.4	8.4	6.4	8.4	6.5	2.1	2.3	2.3	2.2
Namibia	6	F	36	2.1	2.2	1.3		14.1	14.9	7.2	25		66	50	125	71	196	71	30	39	73	37.5	38	76	38	35		36	31	7.9	6.2	7.7	6	9.1	6.5	8.5	6.1				
Namibia	6	M	39	1.9	1.6	1	0.9	12.1	12.4	9.4	27.5		66.5	60	131	60.5	191.5	72.5	38	37.4	74.5	37.5	38.5	74.5	31	48	74.5	35	45	7.4	5.2	7.7	5.2	8.2	5.5	8.5	5.3	3.45	2.2	3.5	2
Namibia	6	F	37	2.3	2.4	1.7	1.6	14.6	12.4	7.2	27		68	49	78	71	149	68	39	36	72	73	73	75	34	46	76	40	42	7.9	5.7	7.7	6.1	8.5	6.2	8.1	6				
Namibia	6	F	31	2.2	2.2	1.3	1.3	13.6	12	6.4	24		65	50	116	66	182	69	35	40	76	39	42	78	34	48	80	33.5	48	7.5	5.4	7.7	5.1	8.7	5.7	8.8	5.6				
Namibia	6	F	35	2	2	1.9	1.8	14.4	12.7	6.8	24.5		67.5	55	119	70	189	71	36	37	70.5	37	36	74	31	45	74.5	31	46	7.6	5.6	7.6	5.5	8.9	6.3	8	6				
Namibia	6	F	40	2	2	1.2	1.2	16	13.4	4.9	26		68	53	118	75	193				77	32	48				75	39	39	7.5	5.8	7.6	5.5	8.2	5.8	8.3	6				
Namibia	6	F	32	2.2	2.1	1.5	1.5	14.5	13.5	7	26.7		66	51	118	66	184				71	37	36				77	59	20			7.6	5.5			9.2	5.5				
Namibia	6	M	35	2.1	2.1	1.5	1.6	15.2	13.1	6.7	27		62	49	112	75	187	72	39	37	71	38	38	75	33	44	78	33	49	7.4	5.5	7.6	5.6	8.6	5.7	8.7	5.7	2.66	1.98	3.53	2.06
Namibia	6	F	37	1.9	2	1.5	1.5	14.9	13	6.2	25		52	66	124	70	194	69	35	38	72	39	39	77	35	49	78	35	47	7.5	5.3	7.6	5.6	8.4	5.6	8.5	5.7				
Namibia	6	F	37	2.2	2.3	1.5	1.6	15.3	13	6.7	23.5		62.5	59	115	76.5	191.5	73	38.5	39.5	71	39	38.5	80	34.5	48.5	78.5	34	47	7.6	6	7.6	6.1	8.6	6.4	8.7	6.4				
Namibia	6	M	43	1.6	2	0.8	1.2	12.4	13.7	9.9	29		71.5	62.5	125	74	199	74	38	41	75.5	41	38	79.5	34	48.5	81.5	34.5	48.5	8.2	6	7.6	6.2	8.3	5.3	8.7	4.5	3.7	2.25	3.9	2.2
Namibia	6	M	54	2.2	2.4	1.5	1.7	15.8	13.9	7.5	27		77	67	126	77	203	79	40	42	76	40	38	81	37	49	82	36	47	8.4	6.8	7.6	6.5	9.4	7.1	9.2	6.3	2.6	2.82	2.66	2.78
Namibia	6	M	40	2.3	2.2	1.6	1.6	15	14.1	8.8	28		68	51	122	72	194	74	43	39	73	40	38	73	33	46	70	35	43	7.9	5.4	7.5	5.4	9.3	5.6	8.6	5.2	3.4	2.4	2.7	2.1
Namibia	6	F	32		2.1		1.5	17		6.5			65	45	120	72	192				72	39	37.5				75					7.5	4.9			8	4.9				
Namibia	6	F	36					14.03	13	7.03	25		68.5	50	123	73	196	73	39	38	75	40	39	77	35	49	77	34	47	8.04	5.08	7.5	5	7.01	5.05	7.02	5.09				
Namibia	6	F	33	1.7	1.8	1.3	1.2	14	12	7.6	26		60	49	119	70	189	70	36	38	66	33	37	75	32	46	71	31	45	7.8	5.4	7.4	5.7	7.8	5	7.8	5.5				
Namibia	6	M	49	2.1	1.5	2.1	1.6	23	14.1	6.2	30		74	60	137	76	213	76	42	40	73	40	37	79	35	36	78	35	34	7.6	5.4	7.4	5.2	8.8	5.6	8.7	5.6	3.45	2	3.35	1.9
Namibia	6	F	46	2.2	2.2	1.3	1.4	15.5	13.6	8.1	27.5		74.5	64	119	70	189	77	40	40	76	40	39	80	37	48.5	79	37	47	8	5.7	7.4	6.3	8.9	6.2	8.9	6.2				
Namibia	6	M	47	2.1	2.2	1.7	1.7	16.7		7.8	28		73	59	152	74	226	79	41	42	78	41	42	83	37	52	83	36	51	7.8	5.8	7.4	5.8			8.4	6.6	1.9	2	2.4	2
Namibia	6	F	33	2.1	2.1	1.5	1.4	14	13	7	25		65	49	114	70	184	71	38	38	70	35	38	74	32	45	74	33	45	7.6	5.5	7.3	6	8.2	6	8.2	5.9				
Namibia	6	F	35	2.1	2.2	1.6	1.6	15	13.2	5.4	26		68	51	124	73	197	72	37	37	72	36	38	78	34	48	77	35	46	7.3	5.5	7.3	5.5	9.1	6.4	9.1	6.2				
Namibia	6	F	35	2.1	2	1.5	1.5	15	13.5	6.6	26		68	53.5	115	64	179	73	36	37	75	36.5	38.5	77	31	46	78	33	45	7.1	5.5	7.3	5.6	8.2	5.6	8.2	5.6				
Namibia	6	M	42	2.4	2.6	1.7	1.6	16.1	14.3	6.4	28		73	59	118	76	194	77	41	41	76	40	40	81	33	47	82	37	49	7.1	5.7	7.3	6.2	9.4	6.2	9.2	6.1	2.6	1.7	2.55	1.72
Namibia	6	M	51	2.5	2.2	1.7	1.7	16.9	14.8	7	30		73	60	127	79	206	79	40	40	89	52	42	80	41	29	84	42	28	7.7	6.1	7.3	6.2	8.7	6.4	8.6	6.5	2.6	2.4	2.4	2.3
Namibia	6	F	40	2.2	2.2	1.2	1.5	15.5	13.3	7	25.2		65	58	117	70	187	72	35.5	38	73	37.5	38.5	75	35	46	76	34.5	47	8	5.8	7.2	5.7	9.1	6.4	9.1	6				
Namibia	6	F	31.5	2	2	1.4	1.4	15.5	13	5.3	27		67	46	118	73	191	76	38	39.5	75	41	39	80.5	37	48.5	80	34	48	7.1	5	7.2	5.1	8.5	5.6	8.2	5.6				
Namibia	6	F	44	2	1.3	2	1.4	15.5	13.4	7.5	27		71	56	124	73	197				77	40	42				82	38	50			7.2	5.4			8.3	5.8				
Namibia	6	F	38	2.26	2.2	1.46	1.55	14	11.75	6.6			70	58	130	72	202	74	38	39.5	71	40	38.5	80	35.5	48	80	38	49	6.9	5.77	7.18	5.46	8.04	5.55	7.8	6.7				
Namibia	6	F	37	2.15	2.1	1.1	1.5	12	13.4	6.5	29		68.5	50	119	65	184	75	41	39	73	36	36	79	33	48	77	34	46.5	7.4	6.3	7.1	6.3	8.6	6	8.9	6.1				
Namibia	6	M	49	2.3	2.3	1.7	1.7	16.7	14.1	6.9	29.5		74	61	130	59	189	73.5	34	43	78	41	40	73.5	41	42.5	78	36	47	7.6	6.2	7.1	6.4	9.1	6.2	9.1	6.7	3.1	2	2.7	1.9
Namibia	6	M	45	1.8	1.95	0.7	1.2	15.7	13.7	6.6	27		72	59	124	78	202				79	45	38				83	42.5	42.5			7.1	5.9			8.2	5.8	2.7	2.3	2.4	2.3
Namibia	6	M	38		2		1.4	13.7	13.1	9.7	26		67.5	61	125.5	81	206.5				73	37.5	37.5				77.5	36	46	7.4	5.5	7	5.5	8	5.2	8	5.5	4.1	2.2	3.4	2
Namibia	6	M	37	2.15	1.4	1.1	1.1	13.6	9.2	7	30		66.5	53.5	121	81	202	73.5	39.5	37	73.5	38	36	76.5			78.5			7.4	5.6	7	6.2	9	5.9	9	6	2	2.2	2.2	2
Namibia	6	M	43	2.2	2.3	1.65	1.65	16.6	15.9	8.1	28.5		71.5	57.5	138	82	220	75						84						9	6			9.7	6.5	9.8	7.1				
Namibia	6	M	37	2.1	1.6	2.1	1.6	15.3	13.8	7.1	25		77	48	125	72	197	75	40	41				78	35	49				7.9	5.8			8.8	6						
Namibia	6	M	45					16.5		8.8					127	78	205																								
Namibia	6	M	31												108	66	174																								
Namibia	6	M	54												131	77	208																								
Namibia	6	M	49.5																																						
Namibia	6	M	40																																						
Namibia	6	M	36																																						
Namibia	6	M	41.5																																						
Namibia	6	M	43																																						
Namibia	6	M	35																																						
Namibia	6	M	40.5																																						
Namibia	6	M	42.5																																						
Namibia	6	M	40																																						
Namibia	6	M	42																																						
Namibia	6	M	58																																						
Namibia	6	M	46																																						
Namibia	6	M	50																																						
Namibia	6	M	39																																						
Namibia	6	M	51																																						
Namibia	6	M	45		2		1.25																																		
Namibia	6	F		1.62	2.13	1.37	1.71	14	15.3	6			68	56	129	80	209	80	42	41																					
Namibia	6	F	38					15.5	13.9	14.6			67	49	125	75	200	77	41	41				79	33	48															
Namibia	6	F	36					15	12.9	7.5	27		72	56	124	73	193	51	28	31				71	32	49				8.42	5.6			8.44	5.97						
Namibia	6	F	46																																						
Namibia	6	M	56	2.3	2.2	1.7	1.8	15.6	15.2	7.9	31		78	65	123	79	202				79	39	40				84	38	49									3.5	2	3.2	2
Namibia	7	F	48	2.4	1.5	2.5	1.4	16.7	13.7	6.8	28		72	56	131	79	210	79	44	39	78	42		81	38	51	80	37	50	8.7	5.9	8.7	5.6	8.7	6	8.7	6.2				
Namibia	7	F	30	2.21		0.65	1.5	20		4.7			69.5	46	122	66	188	71	39	36	71.5	38	36.3	76.5	30.5	46	73	33	46	7.53	5.74	8.53	5.93	7.62	5.81	8.29	5.85				
Namibia	7	F	35	2	1.7		1.3	14.1	12.8	6.5	27		68	50	115.5	72	187.5	73	38	37	74	38	37	74.5	32.5	47	76	32	47.5	7.6	6	8.5	6.2	9.4	6.7	9.3	6.3				
Namibia	7	F	32	2.1	2.19	1.5	0.76	15	14.1	5.1			63	48	122	75	197	76	38	40	77	39	40	79	35	48	81	35	50	8.1	6.1	8.3	6.1	9.5	6.2	9.5	6				
Namibia	7	F	49	1.8	2.2	1.2	1.2	21.5	14.2	8.9	29		72	53	131	71	202	79	44	44	75	41	41				79	36	48	8.4	6.3	8	6.4	10	6.5	9.7	6.5				
Namibia	7	F	36	1.7	1.6	1.5	1.5	14.6	13.9	6.3	25		67.5	55	120	70	190				67	36	37				74	35	44	8.1	6.3	7.9	6.2	9.4	6.8	9.2	6.8				
Namibia	7	F	37	1.9	1.8	1.3	1.4	15.7	13.7	5.2	25		66	51	123	76	199	76	40	40	74	38	39	77	34	48	79	35	48	7.6	6.1	7.6	6.1	8.9	9.1	6.1	6.1				
Namibia	7	F	42	0.86	1.54	2.32	1.55		15.5	9	26.4		72.7	53.9	132.7	70.5	203.2	72	40.9	37.6	75	39	40	78	33	46	78.5	35.5	47	7.5	7.1	7.4	6.56	8.92	6.75	8.6	6.96				
Namibia	7	M	45	1.55	1.5	1	0.9	16.3	14.4	7.5	28		73	58	123	76	199				78	43	38				78	38	41			7.2	5.2			8.3	5.7	2.7	2.1	2.3	1.9
Namibia	7	F	25.5					14	12.3	6.9			56	43.5	105	57	162				66	30	34				72	33	43	7.1	5.7	7.1	5.6	8.2	5.3	8.4	5.6				
Namibia	7	M	52																																						
Namibia	7	M	47																																						
Namibia	7	M	43																																						
Namibia	7	M	44																																						
Namibia	7	M	31																																						
Namibia	7	M	41.5																																						
Namibia	8	M	50					16.6	15.3	8.4	28.5		72	65	132	81	213				79	41.5	38				85	38	50	8.4	6.4	8.6	6	9.2	5.8	9.4	6	3.8	2.1	3.8	2.1
Namibia	8	F	38	1.5	1.9	1	0.4	16.2	13.6	6.3	29.9		69.5	54.5	118.5	70	188.5	79	43	43	79	43	42	81	37	50	80	35	48	8.3	6.2	8.3	6.6	9.8	6.4	9.5	6.3				
Namibia	8	M	40	2.3	1.8	2.3	1.8	14.7	13.5	7.3	28		73	53	121	63.5	184.5	73.5	38.5	37	74	38.5	38	72.5	36.5	35.5	77	36	43	8.1	5.7	7.95	5.55	9.1	6.04	8.65	5.95	2.5	2.4	2.3	2.2
Namibia	8	M	39	2.2	1.1	2.2	1.6	15.1	14.2	7.3	28		71	59	122	71	193	74	38	39	75	39	41	79	36	47	78	35	48	8.2	5.9	7.9	5.7	7.9	6.1	8.5	6.4	2.3	2.1	2.1	1.9
Namibia	8	F	38	1.9	2	1.2	1.3	15.8	13.7	5.8	27.6		70	55.5	129.5	78	207.5	76	40	41	77	40	40	80.5	42	42	82	41	42.5	8.1	6.1	7.4	6.3	8.7	6.2	8.3	5.7				
Namibia	8	M		1.5	2.3	1.5	2.1	15.6	12.6	5					150	71	221				70						73			7.4	5.3	7.1	5.3	8.4	5.4	7.9	5.4				
Namibia	8	M	43	2.4	2.3	1.7	1.7	16.1	15	7.7	25		74	60.5	126	65	191	76	38.5	42	80	40.5	41	82	36	48	80	35	49	7.7	6	7.1	6.3	7.7	6	7.8	5.6	2.2	2.3	2	2.3
Namibia	8	M	50																																						
Namibia	8	M	38																																						
Namibia	8	F	42																																						
Namibia	8	F	39																																						
Kenya		M				1.6	1.6									71	199																								
Kenya		M																													5.7		6.5				6				
Kenya	3	F	30	2	1.9	1.4	1.2					30	64	78		76.5		67.5	36.5	35				72.5	36	41				8.2	5.4	7.9	5.9	8.2	5.2	8.2	5.7				
Kenya	3	M	34										74	78	118	69	187				71	37		72							6		6	9	6	9	6				
Kenya	5	F	43	1.5	1.5	0.9	0.9	17.5	12.6	5.5	24.6		71.5	67				71.5	40.5	36	73.5	39.5	36.5	71	39	39	73	39	37												
Kenya	5	F	44.5	1.5	1.5	1	1		12.4	6.7	27		71.5	63.5	122	71	193	67	36.5	36.5	69	36.5	38.5	75	34	45	75	39	40	7.2	5.2	7.2	4.9	8.6	5.2	8.2	5.2				
Kenya	5	F	45	1.5	1.6	1	1	16	10.6	8	27.5		69	63.5	120			72	37.5	38.5	72	37	37.5	73.5	36	44	73.5	36	43.5	7.3	5.3	7.3	5.3	8.1	5	8.2	5.1				
Kenya	5	F	45	1.7	1.8	1.1	1		15.2	6.5	27.5	33.5	72	58	120.5	72.5	193	69.5	36.5	33.5	68.5	37.5	33.5	74	34	41.5	74	35.5	42.5	7.4	5.5	7.6	5.5	8.6	5.7	8.1	5.8				
Kenya	5	F	43	2	2	1.4	1.6				26	37.4		65		80		69.5	35	36.5	63.5	38.5	36.5	76.5	34	44.5	77.5	36	44.5		6		5.8		6		6				
Botswana	1	M	8	0.7	0.6	0.5	0.4	13.1	10.3	5.4	21		51	37.5	80	53	133	56	28	31.5	56	29	33.5	55.5	28	36	55	24	38	6.7	5	6.9	5.1	7.6	5.2	7.1	5.2	1.1	1.1	1.8	1.1
Botswana	1	F	14	0.9	0.9	0.6		10.8	10.6	6.2	22		51	38	87	59	146	53	26.5	29	53	25.5	30	51	21	36.5	52	22	37	6.5	5.4	6.8	5.2	7.4	5	7.8	5.4				
Botswana	1	M	16	0.6	0.6	0.4	0.4	11.2	10.9	7.2	23.5		55	43.2	89	63.5	152.5	53	26	28.5	52.5	26.5	29.5	51	24	37	58	24.5	37.5	6.5	5.6	6.8	5.6	7.6	5.5	7.7	5.8	1.8	1.2	1.7	1.2
Botswana	1	M	16	0.7	0.7	0.4	0.5	12.1	10.2	6.5	24.5		50.3	40.3	92.5	57	149.5	48	23.5	29.5	54	26.5	27.5	51.5	22	36	54	22	35.6	6.5	4.9	6.6	5.1	7.6	5.4	7.3	5.2	1.9	1.2	1.8	1.3
Botswana	1	F	14	0.9	1	0.8	0.8	10.6	10.3	6	23		51.5	41	84.5	54	138.5	52	26	29	52	25.5	28.5	58	25.5	38	57	25	36.5	6.1	5.2	6.5	5.2	7.5	5.7	7.2	5.6				
Botswana	1	M	10	1	1	0.7	0.7	10.3	10.3	5.2	20		43	34	81.5	47	128.5	48	23	27	51	25	28	54	23	33	51.5	23	33.5	5.4	5.1	6.4	4.9	7.2	5.6	7	5.4	1.3	1.3	1.3	1.2
Botswana	1	M	12.5	0.6	1	0.7	0.7	13.2	11.3	5.6	23		53	42.5	88	51	139	56	29.5	32	57	30	34	59.5	28	37	54	26.5	36	6.7	5	6	5.1	7.4	5.2	7.3	5.3	1.6	1.1	1.5	1.1
Botswana	2	F	30	2	2	1.6	1.6	13.9	12.2	5.8	27		63	50	116	77	193	76	38	43	75	39	42	80	36	47	79	36	47	7.5	5.6	8	5.7	8.6	5.6	8.7	5.8				
Botswana	2	F	23	1.7	1.6	1.3	1.3	13.1	12.2	6.3	24		54.5	46	104	69	173	65	32.5	37	67.5	32	35.5	70	27	44	71	28	46	7.3	5.6	7.9	5.3	8.1	5	8.4	5.2				
Botswana	2	M	34.5	2.2	2.1	1.8	1.7	14.7	12	6.9	25		68	54	150	78	228	76	39	42	75	38	41	81	37	49	80	37	47	7.8	6.3	7.6	6.1	8.8	6.6	8.7	6.1	2.4	2	2.3	2
Botswana	2	M	23	1.4	1.6	1.6	1.6	10.1	11.2	7.1	23		61	44	97	70	167	64	32	37	67.5	32.5	36.2	68	30	43	68.5	29.8	43.5	7.5	5.9	7.5	5.5	8.7	5.9	8.5	6.1	2.5	1.9	2.6	2
Botswana	2	M	25	1.6	1.5	1.5	1.3	13.2	12.3	7.6	24		58	45	106	73	179	65	32	36	66	33	36	70	29	44	69	29	43	7.6	5.7	7.5	5.6	8.7	6.2	8.7	6.3	2.7	2	2.2	2
Botswana	2	M	18		0.9	0.7	0.7	7.1	10.6	6.8	6.4		53.5	40	96	62	158	60.5	30	31.5	62	30	33	63	25	41	65	26	42	7.4	5.7	7.4	5.7	8.4	5.5	8.5	6.2	2.1	1.6	2.1	1.5
Botswana	2	M	25	1.7	1.6	1.5	1.5	14	13.2	6.9	25		58	46	111	69	180	67	33	37	68	33	36	73	27.5	47.5	74	28	47.5	7.3	5.1	7.4	5.2	8.2	5.8	8.2	6	2.3	2.2	2.2	2
Botswana	2	M	25	1.3	1.4	1.3	1.3	12.1	12.9	2.7	23.5		61	44	112	68	180	71	34	38	70.5	33.5	37	72	27.5	46	75	29.5	48	7.1	5.7	7.4	5.6	8.2	5.9	8.2	6	2	2	1.9	1.8
Botswana	2	F	21.5	1.4	1.5	1.2	1.2		11.2		23		55	56	106	64.5	170.5	61	33	34	59	34	32.5	59	29	38	61	29	37	7.2	5.2	7.2	5.2	8.2	5.7	8	5.8				
Botswana	2	M	23	1.7	1.6	1.7	1.6	13.6	12.7	6.7	25.5		60	47	109	65.5	174.5	64	33	38	64	33	37	64	29	40	62	33	42	7.9	6.2	7.2	5.8	8.7	6.2	8.5	6.5	2.6	2.2	2.2	1.6
Botswana	2	F	16	0.9	0.9	0.7	0.7	11.5	10.9	6	6.2		51.5	36	89	69	158	58.5	29	32.5	59.5	29	32	61	25	41	63	24	40	7.6	5.6	7.2	5.7	8.2	5.9	8.2	6.3				
Botswana	2	F	25	1.8	1.8	1.4	1.4	13.5	13.1	6.5	23		61	47	109	71	180	64	32	34	66	32	36.5	67	28	41	64	30	43	7.2	5.3	7.2	5.3	8.2	5.9	8.2	5.9				
Botswana	2	M	17	0.9	0.9	0.7	0.7	11.5	11.1	5.4	5.9		50	42	98	65	163	60	29	33	60	28	33	42	25	64	40	28	62.5	7.1	5.9	7	5.6	8.6	6.2	8	6.2	1.8	1.5	1.3	1.9
Botswana	2	M	19	1		0.8		11.8	11	5.7	6.1		52	45	103	69	172	62	30	34	62	31	34	62.5	28	41	66	28	41	7.6	5.7	7	5.6	8	6.3	8.4	6.3	2.1	1.4	2	1.6
Botswana	2	M	22	1.2	0.8	1.4	1.3	12.5	11.1	5.9	24		61.5	49	107.5	69.5	177	61	31	34.5	63	30.5	34	64	33	44	61	33	42.5	6.8	5.2	6.9	5.3	8.1	5.7	8.5	5.5	2.5	1.7	2.5	1.7
Botswana	2	F	19.5	1.8	1.6	1.4	1.2	12.7	11.8	5.4	32.5		63.4	50.5	102	67.5	169.5	59.5	31	35.5	60	32.5	35	65.5	31	42	64	32.5	38.5	6.9	4.9	6.9	5.5	7.6	5.4	7.9	5.5				
Botswana	2	M	20	1.1	1	1.4	1.5	13.6	10.5	6	25.5		57	47.5	101	64.5	165.5	62	32	35.5	62	30.5	34	58.5	28.5	38.5	61	28	37.5	6.5	5.2	6.7	5.3	8	5.4	7.8	5.6	2.4	1.6	1.8	1.5
Botswana	2	F	24	2	2.1	1.6	1.5	13.5	12.4	6.9	24		54	44	104	70	174	68	35.5	38	68	35	39	75	35	43	74	32	44	6.9	5.7	6.7	5.4	5.6	5.6	8.4	8.5				
Botswana	2	F	21	1.5	1.6	1.3	1.4	11.7	11.2	6	22.5		63	48.5	104.5	62.5	167	62	30	34.5	61.5	31	35	65.5	33	41	66.5	33.5	41	6.9	5.2	6.6	5.1	7.6	5.2	7.9	5.5				
Botswana	2	F	15		0.9		0.7	10.9	10.1	5.5	5.9		47	38	95	58	153	56	29	30.5	56	28	31	60	25	40	62	25	39	6.5	5.3	6.4	4.9	7.8	6.1	7.2	6.2				
Botswana	3	M	37.5	2.3	2.2	1.8	1.8	15.1	12.3	8	26		76	53	117	82	199	77	38	44	79	39	44	80	35	48	83	39	47	8.3	6.3	8.3	6	9.3	5.9	9.3	5.9	2.5	2.1	2.2	2
Botswana	3	F	30	2.1	2.1	2.1	2	13.1	11.7	7.2	24		66	55	119	80	199	73	38	41	74	36	42	78	35	47	78	35	47	8	6	8.1	5.9	8.9	6.2	8.7	6.1				
Botswana	3	M	32	2.2	2.3	1.8	1.7	14.8	13.3	6.9	25		67.5	68.5	116.5	73	189.5	66	36	38.5	68	35	39	67	29	41.5	62.5	30	41.5	7.4	5.6	6.9	5.5	8.9	5.8	8.6	5.5	2.4	1.9	2.2	1.8
Botswana	4	M	43	2.3	2.3	1.7	1.8	15.3	15	8	25		76	58	138	84	222	76	37	44	79	40	43	75	37	47	73	37	45	8.3	6.2	8.1	6	9.1	6.1	9.2	6	3.2	2.1	3.3	2
Botswana	4	F	35	2.3	2.2	1.7	1.7	14	13	7.6	24		67	49	120	81	201	75	39	40	75	39	41	77	35	45	77	35	46	8.1	5.4	7.6	5.8	8.7	6	8.7	5.9				
Botswana	4	M	37	2.2	2.2	1.7	1.7	15.6	14.4	5.2	26		67	55.5	118	76.8	194.8	70	37.8	38.2	69	38	33	80	37	48.5	79.5	36.5	48	7.4	5.3	7.5	5.1	8.5	5.5	8.5	5.5	2.8	2.1	2.8	2.2
Botswana	4	F	36	2.3	2.3	1.7	1.7	14.6	13.2	7	23.5		69	54	114	83	197	73	39	40	74	38	39	76	36	43	76	36	44	7	5.6	7.4	5.8	8.5	5.2	8.6	5.5				
Botswana	4	M	35.5	2.2	2.1	1.8	1.7	14.9	13.9	6.3	28.5		65	56.5	120	79	199	72	37.5	39.5	71.5	36	39	78	33	49	78	32	48.5	7.2	5.4	7.3	5.4	8.2	5.8	8.4	5.8	3.5	2.5	3.7	2.4
Botswana	5	F	42	2.4	2.3	1.6	1.6	25	19	8	24.5		72	57	130	82	212	80	40	40	77	40	41	81	38	49	80	34.5	48	8.6	6.2	8.6	6.2	9.5	6.5	9.5	6.2				
Botswana	5	M	56	2	2	1.4	1.4	20	15.3	8	28		79	62.5	138	81.5	219.5	85	48	43.5	78	42.5	45	84	41	47	82	39	42.5	8.6	6.4	8.6	6.3	9.6	6.4	9.6	6.5	3.1	3	3.2	2.9
Botswana	5	F	43	2.1	2.1	1.3	1.3	13.9	14.2		27		77.5	61.2	126.5	86	212.5	77	40.5	40.5	77	39.5	41	68.5	53	42	67	54	40	7.9	5.7	8.1	6	9	5.4	9	5.1				
Botswana	5	M	40	2.2	2.2	1.8	1.8	15.3	14	9.2	27.5		75	56	125	79.5	204.5	77	39	41.5	75	40	40	83	36	49	83	36	49.5	8.2	6.2	8.1	6.3	9	5.9	9.4	5.7	3.5	3.2	3.2	2.4
Botswana	5	M	56.5	2.1	2.1	1.4	1.4	20.5	15.5	7.6	28		80	64	141	81	222	84	43	47	81.4	43	49	82	40.5	46	88	42	48	8.3	6.3	8.1	6.3	9.9	6.8	9.5	6.7	3.1	2.1	2.9	2.8
Botswana	5	M	34	2.3	2.3	1.7	1.6	15	12.5	7.6	25.5		68	54	117	74.5	191.5	71	37	40	71	38	39	76	38.5	43	76	36	45	7.3	5.9	7.9	6.3	8.8	6.3	8.6	6	3.4	2.6	4.1	2.6
Botswana	5	M	32	2.2	2.1	1.7	1.6	14.9	13.4	6.3	26		78	56	119	77	196	72	37	40	74	37	41	79	38	45	80	38	46	7.7	5.6	7.9	5.7	8.4	5.7	8.5	5.7	3	2.4	2.8	2.6
Botswana	5	F	33	2	2	1.1	1.1	18	12.8	6.6	25.5		65	56	110	79	189	70.5	36	38.5	71	37.5	37	73	31	45	74	31	46.5	7.8	5.5	7.8	5.5	8.6	6	8.5	5.9				
Botswana	5	M	39	2.2	2.3	1.6	1.6	15.2	14.5	8.1	25		70	50	126	82	208	75	39	40	73	37	40	77	38	45	77	38	45	7.4	5.5	7.3	5.6	8.5	5.8	8.6	5.5	3.6	2.2	3.5	2.3
Botswana	6	M	53	2.6	2.7	1.9	1.9	13.9	15	8.2	26		80	64	129	82	211	78.5	42	42	78	42	41.5	81	38	47	80.5	38	48.5	8.3	6.7	9	6.8	9.8	6.7	9.6	6.6	3.8	2.9	3.8	2.6
Botswana	6	F	44	2.4	2.3	1.6	1.6	15	13.4	9.1	30		74.5	53	127	68	195	77	40.2	41	76.5	39	40.5	74.5	35	48	72	32.5	46	8.4	5.9	8.6	5.9	9.6	6.1	9	5.8				
Botswana	6	M	50.5	2.8	2.9	2	2	15.7	16	8.8	26		78	52	187	85	272	84	42	42	81	42	43	83	39	49	81	39	47	7.9	6.3	8.6	6.6	10.1	6.4	10	6.6	2.8	2.4	3.3	2.5
Botswana	6	F	37	1.9	1.9	1.6	1.5	14.8	13.4	8	26		71	52	131	72.5	203.5	70.5	38.5	41	71	36	39.5	62.5	31	44	65	30.5	41.5	8.3	6.6	8.5	5.9	9.2	6.3	9.6	6.3				
Botswana	6	M	40	2	2.4	1.8	1.7	13.8	14	7.2	28		78	63	127	74	201	74	41	39	74	40	39	79	34	45	78	35	46	7.4	5.9	8.5	6.1	9.3	5.9	9.2	6.1	3.3	2.1	3	2.1
Botswana	6	M	37	2.4	2.4	1.8	1.8	15.2	14.2	6.9	27		70	73	122	74	196	71	40	40	74	39	41	69	32	45	66	32.5	45	8.3	6.4	8.4	6.3	9.4	6.1	9.1	5.9	3	2.5	2.7	2.5
Botswana	6	M	51	2.5	2.4	1.7	1.7	15.8	15.8	9.5	27		77.5	56	127	83	210	78	41	42	78.5	39	42.5	78	35.5	48.5	80	36	51	7.9	6.2	8.4	6.7	9.2	6.3	8.7	6.6	3.2	2.5	3.4	2.5
Botswana	6	M	49.5	2.3	2.4	1.5	1.6	15.2	14.9	8.9	26.5		82.5	66	133	85	218	79	43.5	43	74.5	41.5	41	83	38	51	81	38	48.5	8.2	6.6	8.3	5.9	9.2	6.2	9.2	6	3.8	2.1	3.5	2
Botswana	6	M	49	2.3	2.3	1.5	1.6	15.6	13.7	7	29		77	59	126	81	207	83	45	43	83	44	43		41.5	52	87	41	53	8.3	5.6	8.2	5.5	9.5	6.1	9.4	6.1	3	2.4	3.2	2.5
Botswana	6	F	40.5	2.4	2.4	1.7	1.8	14.7	13.1	6.8	23.5		71.5	66.5	127	70	197	74	40	39.5	72	38.5	39	70.5	32.5	46	69	31.5	45	7.3	5.9	8.1	5.6	9	5.6	9	5.9				
Botswana	6	M	54	2.3	2.2	1.4	1.5	18.5	13.1	7.5	30		78.5	55	138	76	214	80.5	41	45	79	43	46	73	38	47	74	37	44	8.3	6.4	8	6.2	8.3	6.3	8.1	6.1	3.3	2.7	3.1	2.8
Botswana	6	F	37.5	2.2	2.2	1.6	1.6	14.8	14.4	9	26		69	50	123	74.5	197.5	79	39	42.5	79	39	42	82	33	52	82.5	34	52	8	5.5	8	5.6	8	5.6	8.6	5.6				
Botswana	6	F	37	2.1	1.7	1.6	1.6	13.3	7.1	6.5	25		66.5	51.5	113.5	75	188.5	71	37	39	72	38	38.5	74	30	33	75	31	40	7.9	6.4	7.9	5.2	9	6.4	8.8	6.2				
Botswana	6	M	48	2.2	2.1	1.6	1.5	15.6	14.6	7.5	30		79	61	132	80	212	78	45	46	81	42	43	82	39	51	85	39	49	8.4	6.1	7.9	6.2	9.8	6.5	10.1	5.9	2.9	2.3	3	2.4
Botswana	6	F	42	2.5	2.4	1.6	1.7	15	14.1	6.4	25		72	52	122	59	181	80	40	44	80	41	45	81	39	45	85	38	44	7.9	6	7.9	5.8	9	5.7	9.2	5.8				
Botswana	6	F	38	1.6	2	1	1	17.8	12.3	6	25.4		67	61	120	80	200	72	37.5	39.5	70	36	39	77	32	44.5	78	32	44.7	7.7	5.5	7.8	5.6	9.1	5.9	9	5.9				
Botswana	6	F	36.5	2.6	2.1	1.4	1.4	14.9	11.7	5.9	21.4		67	57	122	69	191	69	37	38	63	36	38	69	30	45	72	29.5	41	7.3	6	7.5	5.9	8.7	6.4	8.7	5.9				
Botswana	6	F	53	2	2.1	1.4	1.4			6.7	28.5		80	59	122	74.5	196.5	68	31.5	44.5	72	39.5	43	72.5	40.5	43	72	33.5	43	7.4	5.9	7.5	6.2	9.1	6.2	9.2	5.9				
Botswana	6	F	37	1.9	2.2	1.6	1.6	14.3	12.5	7.2	25		70	56	119	62	181	74	35	40	71	40	37	74	35	43	74	45	45	7.5	6.2	7.4	6.1	8.6	6.1	8.7	6.1				
Botswana	6	F	33.5	2.2	2.3	1.6	1.7	14.5	13.4	6.4	23.5		69.5	52.5	113.5	75.5	189	70	36.5	38	71	37	40	68.5	38.5	42.5	72	39	42	6.6	5.1	7.3	5.1	8.4	5.5	8.6	5.6				
Botswana	6	F		1.4	1.9	1.2	1.2	18	12.2	14.2	25		69	54	132	75	207	74	38	42	71	36	43	77	38	43	82	38	41	7.5	5.4	7.3	5.6	8.8	5.7	8.3	5.8				
Botswana	6	M	42	2.4	2.6	1.8	1.8	14	14.5	7.6	27		71	55	122	80	202	76	40	41	78.5	41	40.5	79	36	45	79	36	47	8	6.2	7.2	5.9	9	5.8	9.1	5.8	3.2	2.5	3.2	2.5
Botswana	6	M	63.5		2.5		1.7	29.5	15.1	7.4	29.5		86	67.5	136.5	84	220.5	81.5	42	46	80	43.5	44.5	73	34.5	48	74.5	35	46.5	8.4	7.1	7	7.1	9.5	6.7	9.9	6.9	3	2.5	3.2	2.6
Botswana	7	M	57	2.6	2.4	1.7	1.6	15.6	14.2	7.2	26.7		84		147	80	227													9	6.4	9.3	6.7	10.1	6.5	9.4	6.9	3.3	2.2	3.4	2.2
Botswana	7	M	39	2.2	2.2	1.5	1.6	15.3	13.9	7.8	26.5		75	55	123	76	199	74	39	40	75	40	42	71	33	43	71	31	45	8.9	6.6	7.9	6.6	9	6.7	9.1	6.6	3.4	2.7	3.6	2.8
UAE_N	5	M	29.6		2.26		1.57					34	60	46	119	68					75	37	38				76	38	23			7.5	5.2					2.9	2.17	2.64	2.2
UAE_N	5	M	27.4		2.04		1.57	13.7	12.45	5.3			55	46	107	64					65	32	34				69	30	42			7.27	4.73			7.85	5.35	3.3	2.45	3.3	2.44
UAE_N	5	M	26.4	2.18		1.67		14.2	11.8	6.28	23	30	57	47	114	69	183	70	34	36				70	32	43						6.88	4.96			7.62	5.23	3.11	2.19	3.11	2.21
UAE_N	5	M	35									35	62	52	107	61					60	31	31				66	30	41									2.66	2.11	2.75	2.12
UAE_N	5	M	23.6		1.6		1.31					30	55	45	108	61					64	31	33				68	32	40												
UAE_N	5	M	32.6									38	67	51	111	75					69	37	38				69	31	43									1.94	3.13	1.75	3.11
UAE_N	5	M	28.2		2.29		1.5	15.3	13.4	5.15		31	61	41	121	77					74	39	39				70	29	49	7.6	5.1			8.75	5.4			3.17	2.19	3.17	2.19
UAE_N	5	M	28									34	59	48	107	68					67	33	34				70	30	43												
UAE_N	5	M	28.2		2.15		1.67					32	60	46	117	68					65	35	35				72	30	44												
UAE_N	5	M	28.6		2		1.62	14.3	12.6	6	24	36	62	55	103.5	70					68	36	36				73	32	45	7.87	4.5			7.7	5.55			2.79	2.2	2.89	2.16
UAE_N	5	M	30.6		2.27		1.55					34	62	50	117	66	183				71	35	38				75	32	36									3.25	2.08	3.15	2.05
UAE_N	5	M	34		2.29		1.71					34	62	52	118	72					73	39	39				78	37	48	7.6	5.2			8.4	5.2			3.68	2.48	3.52	2.46
UAE_S	5	M	37.8									19.37	68	57	118	67	185				64	34	33				70	33	41												
UAE_S	6	M	61.4									34	81	71	135	76	211				77	41	41				81	39	48									3.8	2.79	3.8	2.73
UAE_S	6	M	32									36	63	52	116	66	182				62	33	32				64	28	39												
UAE_S	4	M	43.5										72	60	120	73	193																					3.63	2.53	3.73	2.53
UAE_S	5	M	25.5												104	67	171				59	33	32							6.83	4.86							2.89	2.05	2.96	2.05
UAE_S	5	M	46									36	73	59	129	79	208				77	43	44				73	31	36.5	7.4	6							3.38	2.34	3.4	2.32
